67 213 76 127 143 218 25 22
241 122 73 32 171 103 194 19
246 120 225 202 144 221 172 68
107 205 254 88 31 117 70 44
197 172 163 249 144 202 9 159
251 152 194 244 174 94 151 50
169 27 34 202 243 144 190 120
39 170 198 237 96 180 129 243
60 150 15 165 51 102 0 85
175 245 71 201 132 222 226 147
45 78 159 89 235 197 3 136
138 217 214 191 28 236 133 79
104 230 14 127 188 205 218 84
82 152 52 93 151 14 254 196
169 10 147 156 63 5 207 166
153 245 135 83 63 235 33 77
0 147 184 89 212 53 225 114
244 186 140 239 217 94 194 104
213 19 251 158 167 194 137 176
207 12 192 252 105 170 153 90
154 243 106 160 175 252 198 201
158 251 200 42 176 230 173 131
125 65 15 51 215 102 165 20
110 8 7 59 173 162 97 203
85 30 198 108 114 216 255 75
234 185 143 109 220 164 193 247
38 191 199 161 236 117 107 13
179 127 230 203 158 213 173 7
85 108 180 57 216 0 30 141
8 61 107 161 81 205 7 155
247 174 70 31 203 109 122 35
115 155 176 62 88 2 21 214
77 102 90 43 232 255 60 142
93 152 241 82 151 203 254 196
121 13 239 55 161 42 100 67
162 196 233 1 211 181 152 112
247 93 188 112 22 145 196 37
173 176 217 138 227 104 254 196
217 104 244 49 28 127 186 173
47 22 179 188 223 138 230 133
253 56 76 148 81 218 224 137
199 74 174 251 31 146 35 118
165 40 77 153 113 252 192 235
78 192 221 83 154 120 9 20
10 235 141 65 57 108 39 160
96 195 132 237 177 246 85 216
102 163 190 15 132 40 202 18
115 214 64 7 110 52 93 26
0 57 83 106 240 54 92 154
120 210 225 180 170 0 153 204
255 226 212 201 184 113 165 108
87 193 49 155 88 242 107 2
210 135 20 27 34 65 136 78
168 220 25 109 191 203 241 133
151 173 162 1 14 196 203 152
49 253 211 148 167 118 186 224
185 236 73 28 117 32 122 208
4 31 35 173 117 145 56 73
71 20 245 33 108 192 114 89
229 131 200 176 174 251 157 214
3 149 77 231 142 192 86 36
157 179 248 128 41 26 174 52
189 231 129 219 212 142 232 178
128 213 73 28 173 7 155 206
195 228 150 177 216 114 0 170
91 186 14 239 98 131 55 41
247 50 194 91 248 171 110 97
47 122 247 93 233 100 67 206
47 223 134 19 118 74 69 28
45 24 113 187 221 232 129 180
241 239 137 220 194 151 164 186
255 75 141 57 216 147 30 170
216 86 27 77 113 195 255 106
231 51 85 129 96 6 45 180
0 77 216 225 57 172 149 139
178 43 165 60 0 113 153 23
254 173 42 155 200 134 227 176
219 120 10 86 156 192 238 178
119 68 240 195 237 89 106 33
121 69 247 161 47 98 203 19
102 212 90 195 232 142 255 178
25 168 47 253 97 52 76 133
17 156 135 187 95 245 54 210
254 59 151 38 117 176 28 173
253 186 49 137 88 31 107 211
87 134 62 11 157 218 239 179
221 144 27 86 243 65 135 202
127 41 157 88 19 52 69 14
207 129 105 189 85 228 12 216
2 211 152 21 112 161 59 182
204 170 255 30 153 45 75 120
221 243 169 192 238 135 154 180
118 91 194 241 104 220 69 239
127 155 199 82 14 234 35 182
247 148 161 194 81 50 100 7
249 215 116 165 99 178 17 192
159 249 178 165 212 136 60 17
241 122 73 61 87 220 100 16
217 247 97 196 173 131 234 176
211 185 244 16 200 158 162 133
163 101 15 40 66 17 201 123
64 21 211 220 79 26 137 134
160 190 235 141 198 245 147 216
255 204 15 150 170 102 195 165
247 97 208 70 122 19 52 162
11 110 69 173 121 55 28 32
92 9 189 23 36 113 58 111
249 160 197 147 246 175 202 156
146 174 200 4 199 94 157 11
91 158 70 234 50 131 247 47
79 217 124 21 191 229 115 214
211 7 74 93 118 97 239 196
7 93 206 193 173 155 247 148
66 30 219 120 17 119 77 212
0 184 204 209 226 150 139 165
249 159 75 210 197 163 17 136
154 63 163 75 249 238 141 40
250 92 159 198 180 209 237 136
191 13 117 38 236 199 161 148
83 255 240 149 201 154 163 198
255 46 77 156 228 86 53 135
83 216 149 48 187 225 125 246
151 194 164 186 137 35 241 239
50 41 145 138 191 248 227 164
115 233 11 56 37 93 64 110
247 162 206 133 208 100 188 233
80 250 30 153 215 204 130 75
13 49 42 22 88 127 67 100
243 27 111 66 170 222 135 54
63 238 99 135 36 86 178 245
122 16 182 155 241 168 194 35
34 27 119 177 45 120 20 190
117 73 47 19 122 70 32 227
243 190 221 144 165 232 198 139
210 170 255 30 180 120 102 204
175 252 219 136 226 177 105 197
223 146 193 115 7 181 230 171
41 133 174 55 79 155 28 253
205 152 164 21 191 131 241 214
4 103 205 61 11 94 174 104
254 107 50 155 168 88 194 14
203 191 140 248 161 213 230 109
208 122 70 247 158 203 19 162
116 183 209 132 226 71 222 237
131 107 87 49 13 38 64 26
200 14 56 148 93 254 173 155
180 23 175 221 154 198 129 243
243 166 192 106 252 86 154 48
68 156 160 46 237 202 135 246
190 12 160 149 198 237 139 216
222 29 209 184 18 183 139 123
230 218 171 140 193 253 151 176
132 147 245 184 201 226 33 175
243 228 207 189 216 129 170 150
176 191 236 28 218 137 213 134
207 192 172 6 106 154 246 163
99 202 89 147 240 197 255 169
81 4 104 61 94 11 103 50
222 231 114 75 46 68 130 23
96 235 83 39 58 177 246 125
143 254 211 74 233 93 196 152
206 122 233 155 162 188 208 247
246 92 6 144 96 53 83 197
252 36 169 106 231 63 142 178
251 103 124 31 174 74 41 50
247 205 234 155 94 47 67 134
48 154 169 252 89 12 106 63
16 121 181 35 100 242 193 168
47 138 185 205 1 164 227 151
82 7 93 203 158 247 196 145
111 197 92 6 96 202 9 83
155 55 213 94 16 188 242 134
155 234 208 161 188 247 205 121
226 184 222 139 237 123 46 183
187 83 202 221 24 240 150 129
191 227 110 168 121 37 50 11
114 187 238 216 130 215 30 180
175 5 245 156 57 95 147 54
110 59 162 248 8 52 173 97
95 18 202 99 209 135 9 187
167 22 67 49 128 13 155 42
241 131 32 173 200 148 186 25
154 163 249 207 172 149 9 192
222 136 249 77 195 228 149 175
59 103 182 21 253 211 112 94
234 223 137 188 229 134 208 179
226 255 101 212 201 135 83 78
253 91 234 76 193 112 214 103
84 115 104 62 37 25 253 79
4 42 79 82 158 200 25 131
28 42 127 182 112 218 236 70
133 211 35 185 239 224 138 182
68 232 89 99 245 48 45 126
207 189 246 132 232 154 209 163
59 203 152 254 162 241 82 104
231 43 219 178 142 66 129 232
53 108 249 246 99 80 197 95
29 249 183 139 83 222 197 144
106 3 12 57 175 101 95 54
79 155 62 234 214 253 115 167
254 107 50 194 87 88 14 100
235 197 39 172 78 96 130 9
149 166 192 101 169 243 207 3
4 206 93 104 173 152 11 62
228 175 202 156 249 129 215 178
204 6 231 106 190 160 139 210
192 170 153 150 12 165 207 252
59 110 32 138 173 7 73 28
12 63 102 105 3 90 48 85
118 188 93 37 14 16 151 196
215 130 102 20 90 190 15 204
211 182 185 35 133 31 239 138
84 128 50 44 230 74 158 248
243 34 71 27 126 175 202 150
106 142 24 77 219 169 192 252
109 185 247 234 164 35 143 62
241 236 98 199 37 128 182 171
123 65 78 226 216 215 18 116
119 106 3 187 210 207 225 166
162 16 248 214 100 181 115 193
242 171 193 103 74 236 121 223
80 130 228 177 156 215 201 250
245 207 187 126 232 156 166 210
75 187 34 210 126 113 232 24
4 110 244 162 97 55 199 173
252 149 12 166 192 101 207 169
56 4 11 173 200 145 158 162
75 135 204 210 85 225 255 102
187 215 30 180 141 125 216 238
181 211 233 152 162 1 143 59
162 16 59 118 151 218 241 188
247 59 37 145 143 67 233 93
5 201 99 175 160 147 198 245
94 186 134 55 157 244 211 16
205 8 94 188 208 21 155 134
249 210 190 24 204 106 139 160
54 90 12 198 96 85 3 111
228 6 53 111 92 141 190 40
143 91 41 69 110 28 2 55
191 103 214 50 124 21 91 14
4 244 174 161 199 157 109 200
0 43 83 201 29 101 177 135
89 53 156 240 255 197 108 169
127 88 100 234 205 67 241 41
189 120 225 246 170 144 36 51
0 172 77 135 225 153 202 212
12 111 89 58 159 53 86 3
43 226 154 172 177 120 0 201
214 91 234 131 191 241 205 152
178 212 96 53 6 126 231 83
239 140 248 155 193 181 41 93
71 165 209 246 159 130 204 235
84 247 50 145 164 97 7 194
191 242 121 110 220 229 203 87
181 44 205 152 121 171 254 224
189 150 240 219 197 163 17 119
116 30 89 204 210 184 106 0
202 99 108 255 166 197 15 86
196 247 234 38 146 161 143 67
187 210 17 30 136 120 221 180
79 88 158 211 2 137 21 59
191 227 11 121 145 50 37 87
5 34 147 175 225 57 180 136
208 253 203 69 151 161 230 140
16 220 168 155 121 181 62 13
204 184 89 255 225 149 139 210
220 121 44 26 64 21 176 118
98 7 52 146 174 247 161 59
215 154 3 63 177 114 20 166
236 117 223 208 227 182 70 122
147 165 65 6 226 43 207 119
180 187 33 130 232 24 114 46
77 6 228 80 156 53 215 126
102 170 237 120 180 33 192 243
246 144 58 163 6 83 159 53
255 153 51 170 165 240 105 60
253 56 182 161 208 155 234 140
121 239 242 35 87 62 100 181
224 148 199 117 254 173 38 179
6 58 108 80 53 246 99 160
222 119 235 135 209 228 178 189
243 154 149 207 169 3 63 166
31 214 217 181 124 115 16 69
58 92 144 9 83 249 202 96
46 0 29 120 75 169 51 154
184 163 142 149 210 54 255 27
141 245 190 57 235 147 216 160
59 14 104 103 52 93 1 82
213 200 254 227 146 185 143 164
154 240 172 198 149 54 163 255
19 137 56 93 148 64 37 14
131 241 168 191 218 205 148 230
6 175 180 29 119 33 58 108
241 200 186 157 131 41 164 239
179 223 11 152 174 133 194 233
118 2 186 49 88 211 107 31
247 224 52 70 81 109 220 122
219 113 212 232 77 126 231 189
194 112 229 107 76 168 254 217
191 50 138 248 44 107 25 94
252 169 183 29 132 101 207 209
145 188 196 162 143 22 218 247
104 254 194 241 84 164 205 152
50 244 104 194 174 161 251 103
147 15 197 189 33 235 119 166
254 134 200 28 100 176 173 42
69 128 11 167 98 49 44 22
217 28 64 117 236 122 214 176
27 20 136 221 78 190 135 45
19 186 134 208 223 181 28 137
48 10 210 166 23 68 99 126
159 92 46 123 202 71 237 9
11 69 167 49 98 127 211 22
56 138 4 19 47 98 161 73
254 31 121 103 211 171 205 181
244 234 161 109 38 64 199 140
155 14 168 50 107 254 88 61
221 12 198 23 190 111 90 116
170 225 144 36 135 204 246 189
248 194 158 164 118 213 179 239
229 87 4 131 206 73 47 157
146 52 87 35 133 191 14 230
190 135 78 212 136 237 36 29
150 170 78 27 255 39 60 114
133 47 223 227 185 117 73 19
42 112 128 70 73 236 28 218
181 44 134 31 186 239 137 220
82 227 138 217 104 254 79 196
81 52 242 151 152 59 253 94
255 178 53 135 225 153 212 172
189 215 126 15 89 204 101 20
255 232 116 165 178 99 209 198
125 40 78 99 27 54 80 5
174 157 199 11 251 55 94 109
176 234 131 140 191 217 229 41
117 217 19 176 64 122 28 214
168 242 239 74 193 134 155 220
247 93 196 143 110 218 22 67
245 235 198 190 95 216 108 141
133 168 217 11 61 239 158 179
17 187 125 215 15 165 156 54
246 130 30 184 219 204 80 106
255 90 54 29 212 113 108 184
172 53 153 150 197 92 255 15
5 130 201 172 43 231 177 159
254 241 168 167 61 148 205 155
31 122 41 117 16 67 38 179
102 150 240 255 204 195 90 170
66 170 222 201 240 231 108 132
255 99 57 170 108 90 240 54
255 170 198 180 225 147 216 114
23 142 212 178 195 165 0 102
203 220 14 191 146 25 122 168
50 181 251 131 81 41 103 31
198 106 54 95 175 101 252 12
221 192 238 116 105 165 71 243
221 126 187 23 24 45 113 180
188 223 138 233 88 13 110 59
175 250 198 201 108 160 245 156
151 241 230 128 52 82 35 69
127 19 213 185 112 218 227 182
253 25 140 193 176 218 151 171
2 62 155 176 115 214 88 21
125 39 78 159 58 246 83 20
90 243 102 43 23 48 65 130
200 100 42 94 67 13 16 134
28 206 168 217 133 11 146 191
207 245 163 153 232 132 45 65
223 107 137 194 179 248 229 81
159 197 45 136 180 238 163 6
150 83 202 102 255 240 197 163
239 186 104 61 140 161 38 244
181 224 131 152 251 41 174 50
127 179 233 98 244 199 37 174
115 109 11 21 56 38 191 161
194 164 151 14 103 171 254 50
74 193 41 248 162 239 140 155
76 61 1 112 103 22 42 91
7 157 171 206 164 109 247 193
144 201 5 92 245 83 96 57
133 35 247 81 109 52 70 31
95 99 5 57 54 108 245 80
46 75 23 130 114 187 33 231
223 242 148 167 19 70 138 62
151 93 152 241 82 196 1 203
232 34 68 129 24 45 142 75
239 168 73 131 98 59 218 14
247 193 171 157 19 218 134 176
19 214 64 14 52 133 103 93
0 46 105 51 116 90 226 184
8 122 220 203 224 81 70 146
114 111 27 163 65 6 215 53
87 157 37 134 239 244 62 76
207 154 169 192 166 106 243 252
102 192 252 150 165 170 243 207
37 236 241 127 182 157 199 84
133 185 174 109 220 52 247 224
22 112 76 42 127 25 37 188
136 75 135 18 209 68 33 226
222 123 139 209 183 226 237 184
197 172 249 222 183 29 116 111
137 81 251 181 220 224 146 199
214 176 38 234 124 191 229 140
101 198 83 149 201 15 255 163
89 184 0 51 116 45 30 106
107 253 218 179 25 143 168 193
5 86 48 156 108 63 89 10
2 186 91 118 206 28 104 47
145 173 203 248 196 158 247 93
228 201 189 135 243 111 222 85
26 127 76 52 81 214 157 248
166 195 149 154 15 169 255 204
248 138 73 59 82 145 227 223
253 168 25 218 193 143 148 179
150 10 204 29 219 129 71 80
129 105 51 29 80 184 36 245
64 218 56 145 244 93 22 115
129 175 10 226 51 36 71 105
177 216 226 215 65 139 18 132
254 98 76 117 208 56 233 91
92 54 245 5 172 57 144 96
38 109 143 161 21 196 188 8
114 3 166 154 215 63 20 177
218 145 233 11 140 199 191 93
208 117 67 25 133 76 32 22
72 212 29 83 48 129 6 101
222 240 183 195 153 18 170 123
69 241 128 214 157 236 203 167
33 197 243 166 139 232 111 189
144 232 219 142 163 58 246 189
242 223 88 138 196 67 233 110
44 196 162 118 181 248 158 239
94 61 236 217 247 186 148 143
112 35 186 230 74 22 127 211
145 158 84 194 7 91 247 50
138 98 19 4 199 208 182 161
183 114 225 85 57 252 144 36
46 101 204 0 169 180 29 135
223 241 171 73 152 133 236 194
112 185 220 26 211 182 127 234
95 57 10 39 65 20 141 147
22 117 32 196 188 110 242 88
159 202 252 169 197 243 166 144
34 169 202 190 12 135 228 144
239 248 211 74 93 118 97 196
139 149 51 0 225 166 184 45
249 204 144 85 165 246 96 195
114 40 78 125 27 39 65 20
191 234 164 241 103 50 124 41
58 0 78 116 216 29 83 150
164 157 138 16 248 179 193 214
59 110 138 223 28 173 73 7
140 234 229 217 176 191 124 214
159 243 169 125 238 197 75 216
187 18 106 216 113 9 195 160
2 87 206 100 73 227 133 208
221 136 238 68 240 60 165 150
41 38 143 128 229 21 188 76
170 237 132 195 15 183 102 222
217 140 229 124 176 214 234 191
201 243 160 3 149 154 175 198
1 117 167 205 44 148 70 31
151 82 176 138 220 25 4 62
146 137 199 220 181 224 174 4
115 61 79 84 1 38 104 26
39 96 75 243 169 125 58 238
185 21 73 229 220 127 143 211
240 90 190 235 108 198 34 119
245 201 175 250 156 95 198 147
238 221 154 169 135 75 243 192
35 247 185 224 109 133 203 81
113 43 102 77 255 90 23 195
184 204 106 89 139 30 210 255
201 144 215 113 226 165 3 187
195 15 68 119 166 222 237 106
255 89 23 78 99 45 116 197
191 94 152 121 52 242 213 19
194 137 148 26 81 7 223 76
39 141 105 195 85 255 228 177
166 106 192 12 222 184 18 116
129 18 43 142 29 72 36 71
253 193 206 13 152 104 91 84
59 109 67 112 8 234 94 38
102 222 237 60 85 132 240 183
255 114 108 30 71 53 43 89
134 62 239 220 155 13 74 168
40 144 228 6 114 53 190 163
94 186 2 55 211 148 143 230
72 240 153 170 195 18 123 222
183 226 123 209 139 222 184 18
231 169 250 180 108 221 142 63
63 120 170 33 180 12 237 102
99 255 77 209 116 232 90 198
153 202 163 255 197 150 240 172
223 26 124 185 208 21 140 73
193 239 7 140 93 181 155 41
167 127 206 67 42 13 22 155
22 49 69 124 91 157 8 47
62 134 239 87 98 11 218 76
117 104 35 62 16 242 70 91
24 36 149 192 169 142 77 252
219 212 183 141 130 225 238 184
155 254 173 107 162 241 200 199
61 88 11 50 145 4 87 97
239 155 67 161 134 213 200 13
0 51 101 15 195 86 106 89
197 240 136 189 238 219 150 92
32 234 208 124 73 229 70 115
19 14 157 56 127 84 73 37
255 198 83 149 77 139 225 39
121 218 62 157 87 179 11 16
233 91 208 157 1 76 199 138
221 136 180 30 5 57 108 175
209 132 246 163 53 159 18 71
178 238 66 132 225 216 215 116
113 178 43 23 36 231 129 189
145 64 138 248 50 227 164 41
112 211 233 186 127 220 25 181
53 252 12 197 86 111 159 166
119 68 105 165 46 29 252 207
250 150 192 153 245 83 92 207
129 189 89 12 154 48 43 232
255 30 85 216 57 108 75 114
0 170 15 153 165 150 195 51
51 45 65 235 120 102 245 160
234 214 205 188 14 128 167 155
126 39 18 85 159 12 198 180
254 155 42 176 115 167 194 22
211 134 239 186 220 181 224 137
42 37 236 182 112 128 185 28
205 152 251 94 174 151 194 244
239 74 196 137 211 97 248 93
185 254 205 227 138 164 208 151
183 172 212 207 226 154 249 129
247 110 205 84 67 37 134 31
242 2 155 62 167 168 206 148
70 97 47 122 162 52 8 236
86 5 75 113 231 34 108 63
173 73 213 49 251 31 152 131
24 172 159 212 78 5 54 130
224 171 109 115 38 56 254 181
225 34 72 132 238 71 45 116
246 147 142 160 189 235 197 216
223 19 137 69 181 208 134 227
84 50 211 121 31 254 103 74
211 234 185 205 128 244 158 167
25 122 168 203 47 253 158 76
127 41 19 186 112 38 227 181
182 28 127 42 70 19 112 218
240 255 60 204 85 165 150 102
123 9 60 175 221 23 154 78
179 41 188 229 128 234 217 143
121 67 155 161 247 205 234 208
107 254 82 200 100 241 93 199
16 97 248 118 213 76 164 61
62 82 8 248 155 206 93 107
129 204 24 219 105 15 66 170
191 137 146 56 35 91 241 234
219 232 189 212 231 142 129 77
144 142 187 221 232 246 195 90
103 205 94 11 174 194 104 4
2 168 155 88 206 193 13 148
153 165 105 192 252 85 207 12
219 149 240 92 190 18 57 136
163 153 255 202 150 240 172 197
209 228 183 125 250 86 207 156
50 31 211 121 152 74 171 254
121 239 168 76 62 98 37 244
24 36 77 43 23 142 66 126
46 3 77 119 96 20 165 57
176 2 118 227 174 218 59 151
72 195 102 212 142 237 160 250
103 44 191 161 244 134 205 234
215 130 180 250 153 204 225 80
68 180 114 125 209 33 23 231
198 36 126 237 156 183 85 15
33 147 54 123 245 226 71 175
173 38 138 1 179 56 224 148
223 69 115 88 145 11 233 194
221 142 111 90 232 9 60 187
178 120 30 43 53 255 153 172
244 81 146 200 157 199 4 94
216 149 125 207 225 187 83 9
185 91 28 117 205 254 208 151
143 1 211 59 22 152 162 181
177 54 159 231 45 85 132 3
251 67 151 208 230 94 50 117
181 56 233 155 81 13 128 220
191 131 176 213 37 233 140 25
51 144 165 190 215 116 29 6
127 234 11 76 56 38 158 173
171 67 242 217 206 229 151 127
183 27 195 111 141 170 249 33
2 13 167 62 168 148 100 49
215 130 216 177 27 141 65 235
75 170 141 216 198 0 147 225
24 202 77 96 249 212 83 126
219 113 231 126 232 189 212 77
157 62 251 88 206 87 146 244
235 101 189 166 129 240 215 204
255 166 204 149 225 184 116 210
162 158 137 196 181 248 239 44
120 36 86 10 17 63 178 99
241 98 55 171 146 164 56 254
247 69 121 145 173 52 224 220
33 141 209 228 72 130 184 235
63 170 105 231 78 219 141 3
215 63 154 78 166 114 20 252
190 177 216 130 228 235 141 215
160 43 120 243 65 237 102 202
133 146 28 206 11 38 64 87
163 142 71 27 210 255 106 201
207 68 30 149 130 246 83 39
191 137 199 21 146 91 241 220
73 32 171 19 122 194 152 14
196 247 158 234 176 82 131 38
123 23 209 231 178 139 66 222
9 159 202 132 18 184 46 163
221 72 169 238 154 195 132 240
54 198 160 12 154 106 80 252
151 186 220 137 61 241 239 91
202 96 144 249 246 83 58 163
254 203 93 104 241 196 173 152
161 115 64 199 234 244 217 109
68 126 24 221 15 53 172 105
192 12 120 75 34 154 17 86
19 182 208 122 138 28 223 70
64 103 94 205 44 121 11 21
129 43 72 29 113 36 71 18
222 27 60 249 144 85 114 183
178 135 192 156 245 36 17 169
75 86 120 101 0 29 51 46
250 207 108 89 189 43 136 225
166 96 210 20 71 51 126 10
238 249 210 160 116 99 72 197
95 250 198 156 201 245 108 175
116 5 34 83 30 144 72 198
146 8 217 188 122 171 49 224
191 79 214 38 227 133 117 236
249 141 53 65 147 160 24 212
213 161 194 182 4 236 112 152
127 50 151 11 28 81 218 70
230 117 47 4 151 188 94 205
8 109 196 161 7 157 203 81
255 195 39 170 27 141 105 177
134 181 19 242 193 171 152 32
43 24 126 178 66 113 232 36
142 18 36 184 126 72 212 226
255 39 27 195 177 105 141 85
61 88 107 118 69 32 14 236
167 49 128 22 213 188 155 13
239 121 186 35 118 181 224 44
15 154 149 204 60 255 169 166
24 78 212 130 114 190 219 23
117 164 208 151 254 28 205 185
56 157 241 164 200 1 109 84
177 0 212 154 135 54 172 226
94 200 251 81 244 199 146 98
0 108 57 54 165 240 85 99
145 88 52 2 97 87 59 242
164 242 193 104 171 206 152 2
239 196 38 13 87 181 158 124
253 234 158 176 211 167 137 59
249 83 197 246 202 163 159 144
142 90 23 255 153 43 195 178
101 166 86 12 48 252 192 106
223 181 7 25 146 140 84 62
55 100 242 81 56 107 253 161
201 147 10 5 95 175 156 198
255 170 195 177 228 141 216 105
219 240 169 183 238 197 130 99
176 59 124 8 173 21 97 217
218 22 76 67 42 127 25 112
44 118 239 186 220 121 31 181
190 24 149 45 95 249 51 116
32 171 133 109 55 241 188 230
133 19 97 61 171 38 79 247
91 241 16 69 104 194 35 118
183 169 5 228 142 111 195 34
156 95 201 175 198 147 10 5
239 182 185 140 213 37 131 224
204 249 170 159 246 195 165 144
185 143 28 182 42 128 236 37
195 43 237 250 78 89 159 136
245 172 57 159 144 163 201 5
144 116 34 72 5 57 83 30
125 180 46 231 232 68 114 222
202 252 243 197 160 150 102 80
198 154 172 255 240 92 149 201
135 172 177 101 246 235 192 221
107 229 124 55 185 81 13 223
171 110 247 50 158 164 194 248
189 231 139 160 250 51 150 209
253 47 161 186 140 25 203 104
210 119 190 235 228 177 120 221
139 250 150 24 95 46 189 51
22 145 196 188 167 242 223 138
73 14 234 152 173 223 196 131
255 114 166 43 53 184 108 30
9 142 232 189 92 219 111 58
190 53 215 15 237 92 132 102
187 180 30 221 210 136 135 238
71 80 27 106 12 33 130 54
31 134 44 69 16 118 220 74
210 225 180 221 238 136 135 187
128 182 227 218 112 185 19 42
244 161 104 194 38 186 140 239
154 29 180 249 51 129 215 175
32 118 229 194 174 7 148 179
174 109 98 251 200 161 199 244
114 170 78 255 60 150 27 39
162 118 239 97 211 74 59 248
216 170 141 0 195 150 27 78
84 176 26 134 200 211 157 1
46 154 120 226 204 180 169 255
141 219 238 71 225 212 130 183
150 114 170 27 78 39 195 255
39 77 159 245 126 57 235 83
161 174 199 157 11 4 55 146
2 133 200 79 155 174 227 214
207 252 30 153 210 132 170 183
21 134 229 176 35 137 191 211
109 14 157 200 171 164 1 56
212 54 255 154 78 226 135 172
142 92 58 75 232 255 153 45
105 165 12 63 48 170 252 153
135 243 202 190 43 153 160 18
191 91 206 42 242 131 152 22
240 106 101 201 163 83 198 255
194 103 205 84 14 164 151 1
202 246 249 99 147 197 160 175
171 242 206 164 151 152 193 253
247 7 97 145 93 203 82 196
242 158 185 239 91 213 200 124
137 213 121 67 37 239 179 31
160 66 24 105 204 250 139 46
134 69 19 223 208 227 137 181
253 161 148 25 112 211 200 186
173 251 152 182 213 124 224 206
227 244 146 191 217 133 206 168
20 57 159 126 10 83 178 39
174 229 157 131 251 55 176 41
173 79 100 21 35 8 121 62
111 215 29 65 51 116 165 249
226 237 68 119 120 209 75 222
18 116 33 46 71 123 29 72
5 130 228 156 80 54 177 40
127 38 242 206 26 67 104 84
246 207 225 216 149 172 130 187
182 47 185 122 138 32 19 28
138 41 188 224 38 179 133 16
126 219 77 231 43 113 66 23
210 71 54 92 245 159 132 238
202 255 184 27 114 46 92 150
219 150 175 78 136 197 3 226
160 51 65 20 45 120 245 153
98 81 76 26 41 203 7 127
255 30 120 43 83 153 53 178
68 3 210 207 166 225 149 136
41 115 248 62 93 181 155 239
81 4 200 79 214 131 229 98
214 7 138 91 239 76 193 157
52 13 134 191 168 229 220 110
174 107 26 223 242 185 200 131
77 3 219 24 113 169 106 192
254 56 109 171 164 157 241 55
231 178 189 129 219 212 232 142
245 65 111 29 219 120 86 204
175 75 136 249 222 147 197 29
215 78 228 235 190 39 130 141
175 219 232 99 178 129 10 198
254 171 200 44 157 134 176 229
32 88 13 148 193 138 236 70
40 228 216 20 130 141 78 190
253 143 182 161 234 211 196 152
215 190 144 6 163 141 202 228
222 135 136 20 209 77 66 228
7 52 145 158 196 93 173 247
44 26 79 121 200 1 171 157
63 83 116 33 6 77 231 106
127 42 28 49 7 173 155 73
195 170 216 141 150 177 228 255
16 97 162 196 7 181 44 118
96 132 246 85 18 60 177 216
25 188 47 138 76 22 32 133
48 136 3 187 210 106 225 166
255 226 71 46 105 165 139 204
254 173 38 199 138 224 179 148
251 131 182 206 152 213 173 224
158 42 248 25 127 173 203 179
112 103 62 41 4 19 181 162
175 198 252 95 54 243 149 154
237 226 75 135 209 119 222 68
148 168 206 2 155 13 167 193
16 42 94 7 100 194 182 140
46 187 9 160 156 53 135 237
27 142 178 40 235 66 129 216
222 226 237 46 183 139 184 132
137 220 44 16 224 69 74 121
175 105 252 58 53 160 102 12
194 164 241 254 205 151 171 103
87 74 13 100 239 134 62 220
253 168 206 155 167 13 62 148
239 131 242 217 158 181 196 168
49 151 253 84 242 62 103 91
251 229 206 208 151 137 67 162
63 17 92 114 71 10 219 150
24 189 77 113 126 219 212 23
88 193 251 157 138 214 19 176
247 196 162 82 203 248 145 158
33 139 232 144 66 58 243 89
6 136 197 180 210 163 238 159
152 121 213 254 76 52 82 31
12 90 252 159 54 85 144 198
16 122 211 117 31 185 35 182
76 244 128 199 157 218 174 22
55 67 143 26 162 145 4 41
31 107 199 38 1 117 173 76
126 113 24 77 36 212 66 23
253 218 110 182 224 199 140 84
8 186 35 233 61 112 145 164
241 188 127 151 171 25 205 218
123 209 92 189 101 48 246 23
228 33 183 114 235 71 46 130
148 155 93 56 14 82 254 55
91 35 69 16 61 104 118 14
113 219 184 237 212 226 183 129
254 176 88 22 100 115 42 194
112 38 254 28 59 87 181 109
48 136 250 189 108 212 166 225
159 86 252 132 209 202 231 178
255 210 232 58 116 78 99 166
174 127 56 13 100 74 22 220
61 94 38 69 247 143 148 236
119 163 240 65 36 106 57 18
165 144 113 201 215 226 187 252
0 166 58 45 99 177 232 116
203 146 70 115 254 31 167 42
0 177 216 170 228 105 195 141
24 15 85 123 147 189 54 33
139 178 222 192 249 172 231 149
89 12 149 63 18 184 222 116
166 78 96 136 58 210 3 235
235 184 10 166 204 159 210 129
231 63 113 86 147 34 5 180
196 211 117 157 254 233 167 176
172 197 39 125 20 246 78 159
195 85 222 123 240 237 102 183
43 53 24 249 96 178 172 129
176 35 100 133 174 247 22 194
204 10 80 160 60 102 5 105
222 139 237 184 132 209 183 226
83 6 212 53 77 159 126 231
23 195 0 43 153 77 113 165
251 143 145 220 182 61 229 168
113 43 77 165 255 153 23 195
0 163 210 180 197 102 232 113
128 230 220 186 233 143 211 74
100 167 193 13 107 49 87 253
69 145 247 164 220 233 143 194
127 205 81 104 28 70 37 11
250 54 159 172 43 130 231 177
214 176 229 124 157 200 174 251
69 74 121 44 16 31 35 137
125 33 72 58 20 15 102 83
155 206 8 107 93 193 7 82
254 74 233 155 47 93 199 140
87 2 13 88 206 148 155 193
98 56 174 76 233 218 128 244
20 39 141 245 65 57 108 95
7 230 74 158 127 171 205 44
12 33 63 184 149 237 139 166
187 166 210 48 252 30 106 136
95 238 216 141 105 10 60 187
160 198 183 209 156 139 237 5
251 55 131 157 81 176 229 214
255 102 195 90 240 204 170 150
150 68 238 165 195 221 240 119
33 139 237 132 72 184 226 209
238 178 119 165 212 249 96 195
146 247 234 161 196 217 67 143
61 152 205 104 84 164 254 241
212 135 177 237 219 136 190 29
47 28 133 182 32 117 19 70
4 174 181 199 35 137 224 146
175 106 130 9 184 30 219 204
255 54 184 113 147 29 90 212
247 248 145 162 59 173 158 203
240 53 153 150 255 83 92 197
184 201 212 226 0 142 147 165
239 76 218 118 224 213 121 188
97 76 42 127 7 52 82 25
248 155 162 193 8 173 148 206
68 209 136 226 33 75 237 135
132 202 18 246 209 159 163 184
152 171 61 1 241 164 50 151
0 108 29 184 43 90 201 113
42 100 13 55 161 16 188 134
234 253 214 115 193 176 100 167
20 114 192 89 33 147 71 10
133 194 247 236 38 79 171 97
172 163 58 96 144 249 202 246
172 29 150 58 139 255 78 39
165 43 226 147 113 54 0 71
255 120 77 153 53 172 43 225
227 138 208 70 236 182 32 133
48 154 232 123 209 163 246 189
65 130 243 228 216 207 149 86
127 37 56 171 157 19 182 241
195 136 165 17 240 221 187 150
104 84 241 254 194 164 103 50
164 253 234 179 152 62 112 214
0 228 177 114 170 150 216 60
251 104 93 49 152 11 193 82
251 158 162 200 11 199 110 82
242 32 167 117 107 185 193 19
138 67 196 239 13 161 217 151
238 30 114 216 68 180 40 125
80 201 27 177 156 250 125 215
166 119 60 212 159 78 18 5
76 239 118 42 121 218 188 224
254 56 55 98 14 146 171 164
146 55 14 91 157 199 171 1
219 92 232 197 9 142 111 66
211 117 98 7 161 196 182 239
137 79 196 211 234 253 167 97
112 21 26 179 127 38 67 41
248 181 100 81 127 28 41 205
56 146 251 11 157 200 94 81
15 215 153 20 90 125 190 51
224 76 42 37 239 67 118 121
45 187 231 3 149 95 142 54
202 175 123 225 153 215 252 77
80 5 153 51 160 245 105 60
52 134 87 242 64 145 35 26
244 87 109 206 227 191 122 217
51 111 246 219 189 30 135 170
175 184 33 201 132 108 10 226
250 237 57 183 156 209 160 139
145 171 205 164 61 97 248 247
33 187 24 114 75 46 125 23
190 125 48 216 86 106 12 27
222 139 183 71 226 132 46 237
86 166 252 243 192 149 154 48
43 165 102 232 195 255 142 178
65 86 243 207 149 27 125 216
117 19 94 157 251 182 47 199
138 220 239 70 13 151 62 164
3 113 235 77 215 192 102 90
124 173 230 158 42 55 251 79
127 38 11 21 56 76 97 173
12 89 202 144 197 3 159 169
101 255 60 114 166 177 232 212
187 46 246 160 18 99 202 135
254 167 70 31 148 44 205 117
216 195 238 105 114 245 160 187
237 72 198 209 156 160 116 250
210 187 225 136 221 180 238 135
159 235 197 125 177 9 39 83
170 195 240 204 105 255 153 165
83 106 163 207 192 6 246 154
219 163 57 237 240 119 106 190
132 222 183 226 139 46 184 237
180 119 29 68 46 237 135 222
87 205 194 167 241 100 107 254
2 206 107 224 167 186 211 118
200 157 214 229 124 251 79 174
82 145 32 7 28 138 73 196
123 246 108 30 39 66 48 170
250 34 175 108 119 180 198 30
158 79 61 38 84 133 236 8
115 42 191 25 94 109 203 248
191 138 220 230 79 233 211 133
142 221 147 192 20 9 71 90
224 56 76 2 37 107 174 137
30 135 136 178 219 189 238 43
254 203 213 103 121 179 82 31
186 110 247 35 143 61 164 22
43 66 77 24 113 219 129 23
4 174 200 98 56 146 11 94
25 76 22 188 143 218 127 42
254 241 173 152 203 59 93 104
8 162 133 19 208 158 185 203
223 84 241 67 109 133 25 55
111 90 60 9 96 6 85 204
255 113 45 106 228 92 54 71
153 178 0 212 232 165 195 142
238 141 30 36 184 125 72 43
130 172 153 183 222 15 235 197
149 45 3 30 119 207 68 89
18 72 29 123 46 184 222 116
232 66 142 36 178 231 126 212
27 183 34 250 169 113 111 195
157 176 138 19 214 167 193 251
208 157 251 161 199 182 117 236
220 186 239 194 164 151 14 137
191 122 19 93 203 152 241 214
176 213 28 121 19 118 191 37
239 185 220 138 242 164 151 193
223 242 200 131 81 107 229 185
196 37 162 143 67 233 145 247
253 176 62 100 214 115 21 88
239 73 131 87 37 98 241 59
212 113 66 24 219 126 77 23
255 89 45 139 204 149 184 30
230 241 32 171 200 133 146 188
251 67 94 230 213 200 143 109
170 15 54 0 90 99 57 108
32 133 182 208 70 236 138 227
111 250 245 159 195 51 89 169
53 141 225 108 184 89 255 212
253 137 196 234 211 97 176 167
8 185 224 50 107 81 131 218
93 145 26 41 143 200 251 188
4 224 220 138 173 145 199 182
62 82 121 79 8 21 155 35
219 142 144 23 163 189 9 197
25 64 122 35 168 241 203 146
4 82 56 162 244 158 200 110
255 106 51 71 166 210 139 225
129 20 39 77 245 172 57 159
186 25 115 47 223 131 233 181
120 83 30 221 53 246 187 144
252 153 175 132 53 178 215 225
232 45 75 24 113 129 68 221
249 195 165 159 212 17 178 136
105 3 95 53 209 141 68 231
215 192 180 102 250 237 92 142
32 145 186 244 140 233 167 61
47 157 49 4 26 87 73 124
235 141 228 39 177 215 190 130
148 186 206 167 137 31 44 2
223 236 133 208 185 138 227 182
235 135 221 83 192 246 177 101
175 250 99 95 10 54 147 198
127 230 179 213 248 173 203 158
93 110 196 158 7 173 52 247
216 238 159 10 178 195 132 86
128 74 217 236 214 28 69 112
173 107 155 14 254 56 200 93
0 170 195 150 240 165 204 102
149 119 207 68 30 166 252 45
201 215 68 17 156 125 165 240
61 140 104 38 84 1 229 176
187 195 10 150 160 238 216 114
1 181 211 152 162 233 196 112
247 62 218 19 185 112 148 162
130 106 36 51 80 184 225 246
155 16 181 248 140 214 162 193
4 137 61 79 213 167 236 97
150 170 114 60 177 228 255 216
213 55 230 251 67 94 109 112
230 168 107 124 241 64 218 50
61 161 11 251 103 174 104 205
75 6 40 29 126 51 101 80
162 181 236 143 62 4 214 152
184 141 255 202 147 166 30 43
111 30 68 9 83 53 221 135
221 195 232 246 175 154 177 132
99 63 5 166 18 177 139 215
164 239 35 104 193 138 13 70
191 227 122 79 214 236 138 217
114 43 177 154 255 166 195 23
246 99 80 197 36 177 130 23
207 83 126 6 72 212 101 29
20 215 129 142 189 216 228 178
140 234 214 79 229 191 38 124
7 196 93 8 145 52 97 82
167 168 206 62 242 100 253 148
9 175 184 130 225 36 149 51
204 29 255 150 139 165 46 71
128 213 73 28 143 37 185 19
47 4 124 74 50 87 25 158
244 193 179 168 239 218 121 98
99 58 89 147 240 53 169 255
156 166 192 10 5 86 207 147
223 55 28 185 146 133 174 11
130 106 12 27 169 39 65 48
215 139 178 165 63 156 249 238
182 224 253 171 152 133 206 44
17 159 249 178 212 136 165 195
243 228 106 207 125 39 65 86
110 82 162 8 158 52 7 196
111 246 53 197 159 172 163 6
0 102 202 150 15 83 197 163
241 148 168 205 155 254 194 167
133 162 241 236 103 214 203 64
183 99 5 169 228 48 46 125
41 81 2 133 100 200 79 28
127 188 112 230 37 179 213 22
147 198 160 80 156 245 201 5
248 173 110 162 52 196 97 247
149 216 228 190 12 125 169 48
134 31 137 35 186 74 239 211
229 98 4 131 49 73 208 87
207 154 12 106 63 86 252 166
142 77 212 102 232 195 90 255
45 34 72 71 116 123 225 238
22 188 206 213 13 88 100 127
251 25 67 151 205 47 117 161
81 26 124 41 55 98 4 176
223 196 103 241 124 73 21 82
36 63 238 169 10 135 156 77
213 55 134 176 173 155 28 254
11 4 110 200 162 173 199 158
84 151 38 140 26 176 254 194
127 229 67 217 143 179 21 214
250 183 209 125 156 27 86 48
79 21 193 88 115 155 253 214
23 243 144 139 166 197 222 189
238 187 225 120 34 180 210 136
2 242 94 148 200 81 199 100
88 87 2 242 145 97 52 59
232 187 221 129 231 180 45 113
208 223 28 73 133 138 236 185
40 114 202 228 144 92 249 190
129 189 154 40 166 240 51 235
179 16 138 214 157 62 91 7
253 193 230 140 218 84 151 176
212 65 125 177 114 23 219 24
204 219 71 80 29 150 10 126
130 180 209 169 24 250 159 204
235 27 184 209 130 141 72 222
153 43 183 160 113 237 195 5
16 134 224 181 220 137 211 69
56 241 146 164 84 200 1 157
74 32 13 62 103 171 236 134
243 135 27 189 222 170 54 144
68 40 99 201 165 240 17 130
103 254 151 59 52 241 93 82
4 67 25 200 161 112 146 213
155 1 167 205 148 168 14 194
248 230 32 115 181 171 146 62
251 145 143 220 168 26 194 73
190 153 207 232 243 212 165 125
62 107 100 49 88 13 2 168
133 84 109 188 38 247 206 31
244 82 223 69 121 200 227 110
255 184 204 165 209 139 29 150
27 255 202 120 156 77 169 46
136 240 60 187 105 238 165 221
231 34 68 129 232 210 75 142
255 85 195 150 204 165 15 102
174 131 13 200 185 26 107 223
254 176 217 84 151 140 194 229
115 145 22 69 11 167 61 32
60 51 85 105 90 15 102 255
212 159 249 77 119 165 195 17
217 176 8 82 21 59 97 131
12 126 18 96 216 170 75 57
55 56 161 81 4 11 109 98
217 128 151 206 242 84 188 229
131 196 176 247 173 38 234 97
133 211 11 70 200 162 239 158
2 137 227 69 47 91 49 104
80 23 36 99 58 9 125 78
154 240 60 149 89 169 204 255
58 156 53 147 255 15 89 86
135 190 12 237 53 95 102 43
238 243 197 130 169 216 180 159
239 185 182 133 31 44 138 220
248 145 138 32 182 28 173 196
103 104 171 193 253 49 242 91
192 154 48 166 243 149 169 252
207 183 209 29 123 252 86 154
8 81 196 98 109 161 203 7
218 168 143 253 73 110 196 28
156 255 240 166 197 108 202 86
171 104 205 152 14 91 194 254
16 162 155 214 200 133 241 188
30 125 83 207 39 187 106 9
184 147 30 114 166 255 53 212
249 111 53 96 9 58 92 172
57 160 252 149 154 175 201 12
162 196 158 247 110 173 203 7
126 210 20 221 184 113 228 72
27 170 114 195 39 78 0 150
15 85 156 57 147 201 255 165
24 126 232 178 36 113 212 189
80 215 132 78 252 29 154 54
154 20 252 95 46 57 114 183
237 132 71 53 163 46 246 96
255 225 212 141 147 184 53 166
45 183 235 142 153 160 252 58
180 187 120 225 221 238 136 210
187 33 10 111 83 54 29 135
89 106 255 204 184 116 210 225
0 204 90 153 15 85 195 150
255 149 201 113 45 71 228 92
123 170 237 78 60 159 246 39
33 10 166 147 192 20 114 184
159 202 197 249 163 172 144 246
66 178 225 132 238 216 139 40
33 243 66 111 135 170 228 201
188 205 14 25 128 151 37 84
44 176 167 196 253 97 234 137
113 40 201 27 5 163 189 111
255 209 135 101 180 169 51 29
224 16 44 74 35 186 121 118
7 148 173 223 179 230 138 62
119 15 68 195 90 34 105 17
133 223 73 19 241 84 194 103
128 230 44 181 35 69 143 22
253 152 179 214 174 52 133 224
221 119 68 17 60 150 15 90
167 1 205 100 168 148 194 241
174 137 148 224 218 253 179 199
81 146 8 94 248 157 203 59
249 144 27 114 183 222 85 60
235 130 222 183 209 141 184 27
11 56 251 55 97 93 145 173
0 169 228 202 135 99 209 77
115 145 224 37 84 2 199 182
99 80 27 215 202 77 249 126
87 13 97 181 217 131 196 239
255 153 180 170 225 120 45 204
36 24 126 85 66 105 51 240
167 206 168 2 107 193 155 242
202 18 246 160 46 156 187 120
249 195 119 149 228 222 178 80
121 8 157 19 94 47 52 186
166 204 159 111 5 169 10 195
40 54 228 177 99 5 80 130
26 98 182 251 124 49 87 208
254 173 148 38 31 138 179 199
169 166 154 12 192 207 106 3
168 227 143 182 253 218 59 145
119 48 65 6 27 210 92 106
237 222 46 187 119 226 120 180
205 81 181 41 100 127 28 248
191 38 115 131 214 229 79 234
44 230 200 186 161 107 143 2
186 253 94 25 211 55 143 148
38 194 254 115 229 176 104 171
147 170 201 57 240 165 99 0
239 118 188 37 104 162 59 241
255 57 139 77 90 23 209 99
51 149 195 240 89 154 255 169
223 242 124 185 26 81 200 148
255 177 141 150 60 216 27 170
241 205 131 234 214 64 164 152
93 44 97 16 118 7 74 59
12 120 43 54 17 189 95 154
247 234 196 124 173 158 217 176
191 164 22 242 131 206 213 103
243 154 54 252 149 160 198 175
92 180 232 57 255 209 154 114
201 135 156 0 177 45 27 170
88 79 194 158 118 42 236 4
77 66 113 215 228 129 20 216
13 138 62 185 107 236 88 223
141 163 65 249 202 40 144 27
129 232 34 231 68 180 210 113
178 172 116 198 225 255 149 216
121 69 220 110 52 247 82 31
166 225 119 48 250 43 108 189
153 170 204 90 150 255 195 240
223 61 73 14 152 171 122 236
58 136 150 29 175 3 219 177
125 33 153 72 240 83 20 197
126 235 34 154 57 83 72 15
150 129 24 15 204 219 85 66
110 218 196 188 233 93 247 143
92 249 197 144 53 83 246 159
48 252 119 225 89 45 106 68
32 26 140 21 47 185 182 124
191 203 94 115 7 42 230 146
175 147 156 54 95 245 250 57
25 138 32 179 47 233 122 188
149 92 172 201 240 255 154 57
239 62 74 220 134 100 168 13
247 121 31 52 186 82 145 220
209 169 228 178 156 120 202 255
224 145 220 134 247 173 203 69
178 238 135 63 86 99 219 245
213 236 194 251 137 176 97 88
159 92 202 184 237 209 132 246
147 86 48 63 89 250 245 156
10 238 219 178 169 135 99 63
251 182 208 19 161 199 157 138
255 232 166 177 141 43 154 195
215 125 20 27 141 216 65 177
79 174 26 251 157 200 131 41
75 68 30 238 114 216 125 40
165 209 226 184 116 255 105 51
255 58 240 202 150 163 172 153
87 253 59 97 52 242 88 110
251 112 213 200 161 67 25 146
85 0 165 51 105 60 102 15
122 93 239 200 11 185 97 211
78 116 23 210 65 24 132 221
223 182 229 185 208 115 234 131
39 17 40 178 132 30 116 189
114 111 92 215 53 190 27 6
57 183 250 237 46 160 116 99
124 41 21 38 115 229 64 79
128 199 220 242 181 100 81 22
253 152 76 41 122 52 224 81
183 226 71 237 113 129 219 212
197 166 202 252 243 169 159 144
210 207 136 3 106 225 166 187
89 53 255 197 240 147 169 156
223 236 14 61 133 73 103 84
185 223 133 73 208 138 236 227
161 213 55 109 112 25 67 251
21 214 26 38 112 179 67 128
253 179 158 122 208 203 230 87
247 148 155 162 7 206 173 193
19 69 227 134 32 181 47 137
231 210 54 78 252 159 170 132
208 87 76 230 133 158 253 203
254 164 205 194 241 151 84 152
223 140 230 146 193 171 181 7
253 171 133 224 182 206 44 152
149 184 89 225 255 204 139 210
243 201 80 33 149 130 228 184
248 94 44 138 16 73 59 157
177 101 0 89 141 23 60 43
149 252 80 30 57 119 178 219
223 227 145 196 248 173 138 182
242 138 110 67 233 32 88 196
167 157 193 251 214 138 176 236
170 141 225 75 39 198 0 147
111 53 163 6 159 58 83 9
54 108 5 160 57 10 156 175
247 61 97 145 91 171 50 7
203 242 196 145 168 97 2 88
100 188 55 242 161 239 213 134
242 84 236 62 74 103 121 223
130 212 30 219 141 17 184 72
44 35 128 69 74 233 230 143
32 47 182 185 234 229 124 115
165 85 108 198 99 240 201 255
0 54 85 120 228 177 210 156
5 228 119 92 46 48 150 66
229 179 128 41 203 174 248 157
183 20 141 27 125 222 184 46
213 121 203 76 224 82 103 254
76 127 97 234 56 11 38 82
10 95 20 198 65 147 114 216
221 9 108 184 225 132 175 53
191 52 236 121 42 103 94 13
243 222 71 237 192 149 139 89
40 144 141 166 53 252 225 187
238 159 169 132 216 60 178 10
185 127 236 182 213 112 218 227
121 211 35 118 224 181 16 186
191 107 124 87 241 37 25 50
214 74 152 19 143 4 162 62
46 29 71 183 123 222 116 237
207 245 108 169 5 63 99 166
122 174 223 55 244 146 227 185
231 160 212 147 249 53 114 190
144 228 85 249 183 60 114 222
40 125 240 90 204 153 235 190
3 46 183 101 86 132 48 29
251 213 176 82 97 55 25 124
116 232 231 209 178 132 189 222
150 245 172 153 250 207 63 163
213 97 25 79 55 131 251 173
228 39 189 129 235 40 77 142
255 228 163 201 142 149 210 184
227 213 254 55 173 100 121 176
213 76 254 121 82 103 203 31
196 79 38 124 234 158 8 82
203 173 254 213 179 224 134 103
91 157 247 193 109 248 84 49
245 144 204 166 5 169 195 96
240 85 231 129 189 51 219 150
20 77 165 153 63 215 3 113
126 232 12 212 154 48 66 166
233 176 196 124 8 37 157 81
255 226 209 184 204 165 105 116
212 142 129 189 232 219 77 24
251 131 79 157 55 229 174 214
124 49 82 31 69 8 107 217
152 62 84 49 104 13 91 2
255 139 232 89 78 197 99 45
99 250 108 245 169 63 89 207
39 228 114 150 177 255 60 170
73 155 208 206 168 122 253 28
147 53 225 221 184 132 175 246
245 60 159 17 123 216 169 178
187 17 210 245 99 120 54 95
81 32 124 152 59 233 74 13
150 90 184 29 116 209 51 255
16 179 67 137 224 37 42 134
223 138 182 59 173 7 227 110
77 53 172 153 120 255 43 30
159 136 235 166 252 197 210 177
190 216 27 177 130 141 235 40
109 164 28 42 1 112 70 55
19 167 4 62 138 79 41 157
223 241 146 137 167 234 59 188
123 54 40 101 3 226 80 78
196 157 14 124 182 239 218 168
240 33 58 125 20 83 183 153
231 187 221 129 23 45 75 113
93 19 56 74 251 118 47 97
197 249 172 144 183 226 139 33
127 97 56 76 82 217 11 21
136 221 238 120 45 187 225 180
8 155 161 205 21 47 134 67
111 27 135 243 65 53 169 221
108 175 9 53 6 197 95 99
78 228 80 195 105 250 136 221
211 138 205 107 248 191 230 161
255 39 150 85 27 78 141 60
177 63 99 120 36 18 246 170
167 193 253 148 155 168 242 206
160 187 39 150 245 238 141 195
175 245 156 147 160 5 198 201
204 170 255 135 75 102 225 210
240 165 85 156 0 201 198 147
253 161 143 44 182 234 59 152
176 155 254 140 213 167 22 194
59 239 38 181 242 168 158 124
165 142 102 23 43 0 60 178
9 172 106 163 249 207 154 192
171 140 151 218 176 230 2 193
54 111 198 245 250 96 163 172
255 165 212 153 195 142 178 23
244 56 93 145 233 37 191 140
44 74 118 69 121 16 35 224
241 164 151 103 254 84 194 205
177 23 231 123 210 65 221 139
31 146 133 49 217 188 171 247
176 191 38 21 26 41 140 131
173 59 32 227 182 138 145 7
155 193 8 220 82 176 134 21
48 92 154 123 23 246 189 46
207 170 249 183 45 129 228 156
126 45 75 24 232 187 221 113
208 138 179 32 25 188 122 233
121 242 55 223 229 110 171 188
195 144 170 249 114 222 27 183
163 6 96 136 210 197 238 180
223 152 19 171 133 194 241 182
254 196 167 146 14 52 87 98
219 184 192 163 238 141 150 245
119 33 235 147 58 66 89 15
17 90 192 150 221 139 12 184
223 171 61 133 236 152 241 182
239 186 140 131 31 181 217 214
40 142 189 228 111 201 250 163
159 9 235 209 204 165 184 130
38 124 196 234 247 82 79 158
8 133 206 155 162 233 188 208
157 218 233 76 128 244 174 199
255 177 216 139 197 172 226 150
216 198 178 159 20 172 245 129
181 31 44 16 121 69 35 118
223 167 117 188 59 13 145 22
90 85 153 255 60 204 15 150
193 206 148 253 168 100 88 13
254 98 196 168 241 203 109 88
251 158 131 168 25 205 181 47
247 171 38 206 224 67 122 146
223 182 84 133 19 194 103 241
172 159 92 111 249 58 202 9
252 153 123 170 48 30 72 45
150 209 252 165 136 207 187 226
46 163 0 198 180 232 101 141
77 232 245 33 102 123 60 175
159 210 58 136 180 249 17 92
0 170 228 78 105 195 216 114
159 43 184 237 202 166 243 126
90 255 156 139 232 77 198 209
158 203 196 248 110 82 162 247
222 144 135 226 187 245 54 172
203 140 26 162 214 145 191 248
157 56 251 138 182 236 208 161
0 216 172 139 29 177 58 150
46 187 18 29 33 136 180 135
46 51 29 139 150 165 255 184
47 19 28 223 182 117 122 185
91 241 61 151 254 84 103 50
161 107 186 253 230 112 55 44
239 138 242 104 193 220 91 185
131 196 174 79 247 233 157 218
172 53 24 77 212 96 6 126
126 80 53 40 99 249 27 178
177 255 141 39 150 170 195 228
84 44 254 152 205 134 31 181
123 3 231 77 209 169 159 202
111 139 198 221 225 83 72 250
66 113 126 219 212 232 24 178
60 95 68 216 141 238 10 150
239 122 38 76 188 138 224 214
131 234 115 73 47 32 70 26
252 207 154 192 243 169 166 149
110 196 93 52 97 7 247 82
194 104 251 205 174 152 244 161
52 191 236 152 133 14 214 162
2 168 206 100 122 47 182 227
128 214 67 241 100 50 88 234
79 230 173 213 124 158 200 251
115 41 62 88 21 100 2 176
172 54 212 135 255 101 29 177
85 15 90 0 105 102 60 51
138 242 145 167 32 233 59 188
193 168 239 242 100 121 220 181
172 120 54 78 101 226 255 212
203 196 173 93 8 145 248 158
191 37 230 87 50 148 241 124
159 43 83 6 202 126 178 24
134 239 193 181 220 87 13 155
215 166 101 177 192 252 20 141
255 154 149 169 15 51 166 60
222 18 116 29 209 184 183 123
118 174 74 251 224 56 146 35
182 44 133 138 185 224 35 239
251 174 55 98 79 26 124 41
223 88 185 193 148 236 242 117
237 75 57 159 129 170 39 12
247 50 31 110 121 84 67 218
237 163 53 153 240 190 215 132
42 91 131 185 242 200 97 16
191 37 87 50 121 227 145 244
39 114 180 30 238 40 130 187
32 227 138 208 185 19 122 182
215 111 226 190 51 6 139 90
159 17 245 123 201 71 45 92
20 45 72 142 252 58 160 102
201 24 212 250 147 160 189 142
204 170 30 153 255 120 180 45
172 201 231 159 212 250 130 177
46 5 99 86 125 183 48 27
15 169 195 154 238 183 221 123
163 65 45 149 27 119 207 249
251 199 81 146 11 161 200 157
227 208 182 133 253 168 206 100
220 239 137 186 164 14 151 194
100 41 181 162 193 7 239 140
255 170 120 27 54 99 177 45
152 64 52 19 93 41 14 133
53 58 156 89 240 255 108 86
130 65 39 141 228 20 177 215
126 10 210 89 48 68 156 23
70 19 62 138 32 107 13 167
230 176 233 191 213 115 218 131
116 34 111 57 5 72 83 30
223 47 229 21 131 182 70 140
65 43 24 23 177 130 219 141
125 197 232 80 156 36 78 9
24 126 172 178 202 96 249 212
179 230 128 213 67 218 143 22
203 94 186 236 47 121 157 8
191 107 242 38 168 49 131 26
208 32 188 134 234 229 179 118
176 254 138 217 173 227 151 196
224 145 203 186 134 220 247 173
84 158 200 122 176 253 211 25
159 129 231 77 172 6 202 43
220 14 21 100 173 182 199 127
16 55 93 133 188 241 214 100
89 66 139 33 111 23 58 12
21 182 44 2 103 196 94 143
48 105 90 3 102 63 85 12
239 100 122 93 41 188 241 200
247 69 161 203 134 208 236 157
82 158 8 38 131 21 176 59
133 81 31 52 214 2 76 103
212 141 225 71 166 255 108 53
223 55 84 145 134 26 242 67
254 179 152 224 134 213 52 173
247 98 49 248 164 171 193 109
200 93 254 211 112 26 107 185
243 150 34 71 238 90 192 139
137 79 211 121 64 220 26 234
67 41 14 155 127 50 167 234
52 41 110 26 64 7 115 93
19 42 70 218 227 73 128 143
32 138 22 230 133 208 67 76
128 248 214 174 227 181 155 50
160 150 141 24 209 68 3 53
221 246 68 111 135 225 83 53
243 86 63 166 252 154 149 207
150 238 63 139 34 165 184 12
67 155 200 214 93 239 122 14
73 103 223 61 84 241 19 133
122 117 79 28 19 64 41 38
22 115 244 223 167 61 186 145
60 101 249 160 175 9 149 51
155 168 253 182 206 227 208 133
182 206 173 131 103 224 42 4
0 58 232 166 78 45 116 156
210 183 249 238 197 139 156 160
191 234 109 199 161 140 38 244
187 129 210 24 142 75 23 34
177 114 232 190 130 212 24 36
110 8 59 233 112 37 67 93
202 147 240 169 255 197 89 156
86 130 204 24 219 190 106 15
206 217 131 173 69 148 224 247
117 251 236 208 157 161 199 73
186 239 220 137 61 104 14 164
127 19 14 157 186 41 52 88
106 63 77 113 24 86 3 36
165 240 57 147 221 190 136 235
121 247 193 35 100 21 79 82
61 104 84 103 50 91 1 241
204 255 116 184 210 89 225 149
115 70 16 104 93 37 193 11
222 123 226 147 71 175 54 245
160 189 243 139 216 58 238 105
232 90 139 57 111 190 12 221
232 66 77 142 24 43 36 126
221 144 202 65 169 12 27 135
200 171 79 97 44 122 2 230
155 148 168 241 1 167 205 194
255 54 198 163 172 240 106 154
123 108 240 33 54 170 231 66
129 36 77 43 232 66 24 113
122 179 223 22 117 188 208 25
3 86 46 154 132 207 226 183
121 254 98 84 176 55 211 26
245 144 114 232 198 36 65 163
132 237 116 65 29 215 177 39
210 99 232 177 255 197 89 116
20 222 189 119 209 228 77 135
109 84 230 223 74 248 140 62
155 74 168 134 208 205 227 1
64 56 110 35 22 138 91 13
67 127 76 230 143 218 42 22
228 142 201 163 255 184 210 149
109 118 181 31 35 81 56 4
23 58 92 189 36 246 142 111
239 186 55 157 161 244 211 134
8 185 62 236 107 93 143 218
223 11 22 194 174 179 103 122
250 192 163 237 180 142 102 40
255 201 101 83 177 212 135 226
17 240 101 72 195 34 86 123
139 183 144 222 249 29 197 172
216 12 190 149 95 139 237 57
200 157 4 81 214 79 229 131
216 116 215 177 190 237 226 132
247 91 62 171 248 98 206 146
224 81 203 214 133 152 76 253
125 184 51 246 235 90 209 159
33 77 209 189 20 119 228 120
122 220 31 117 239 44 182 70
78 232 255 45 89 156 58 139
35 137 239 181 211 134 31 186
249 96 202 246 172 144 163 58
227 191 38 133 41 117 19 176
166 184 243 222 192 237 149 139
190 163 198 219 245 23 141 111
176 174 200 214 251 131 229 98
198 95 10 108 54 80 99 5
119 219 66 17 120 43 77 30
127 56 74 13 22 155 220 81
211 31 49 107 69 118 88 2
67 8 155 47 134 50 21 161
119 252 149 30 80 219 77 198
136 108 30 189 48 166 250 212
122 81 35 109 31 8 70 203
47 25 233 32 67 122 76 138
38 140 234 191 11 161 146 56
191 140 244 109 161 199 217 21
241 194 100 87 182 220 239 122
229 185 162 148 254 143 55 211
101 149 166 3 207 169 243 192
248 158 128 84 211 230 50 181
180 163 232 209 0 154 198 114
55 230 213 188 146 143 94 4
96 130 20 9 216 197 83 78
255 90 195 102 85 51 105 240
204 170 240 153 150 60 90 255
106 255 39 225 116 172 198 178
99 5 169 89 48 245 147 63
4 158 173 55 176 25 213 124
201 78 43 250 125 96 231 83
224 35 16 133 73 211 70 138
233 103 1 143 194 179 164 42
108 20 10 95 65 198 141 216
243 232 153 130 58 222 175 180
159 235 172 10 77 39 57 126
9 202 58 96 172 111 249 92
33 136 235 189 46 135 228 178
59 104 217 117 94 67 13 16
158 185 239 213 13 124 164 55
42 134 200 188 242 161 239 100
242 134 55 94 239 155 67 213
234 143 220 146 193 185 247 164
122 162 70 19 97 47 52 247
0 204 60 90 15 102 150 85
24 123 77 96 3 86 46 53
67 25 138 76 208 133 32 22
246 225 71 51 149 36 125 80
187 40 165 17 240 201 99 125
134 218 11 62 87 98 76 16
237 139 226 184 209 183 123 33
0 85 102 60 105 90 15 51
97 52 88 2 110 59 87 242
240 136 106 18 68 33 195 89
166 48 86 101 106 192 252 243
8 206 47 233 131 186 157 91
255 77 142 60 23 165 153 212
122 100 73 239 14 194 35 87
129 170 219 240 183 237 156 57
185 138 35 239 31 122 211 182
58 255 105 92 53 172 240 153
72 170 132 207 153 252 225 210
239 69 35 241 164 137 104 194
209 180 0 101 232 163 114 198
243 166 58 116 33 232 111 189
133 185 138 224 73 35 44 16
42 251 97 200 25 79 131 82
198 106 237 139 243 160 216 190
8 233 112 145 218 93 196 188
84 223 55 25 133 14 188 146
116 72 123 29 209 33 71 18
199 146 181 118 224 174 220 251
61 1 229 87 179 217 148 143
247 38 194 176 97 19 84 133
155 193 220 176 8 173 234 134
151 230 186 203 14 128 82 220
128 42 88 52 185 13 19 97
114 252 215 154 235 192 177 166
33 237 139 132 184 209 226 183
183 34 116 184 225 132 45 238
193 168 244 134 157 218 179 16
127 244 179 199 82 234 158 217
255 101 201 172 43 177 135 226
129 48 43 232 12 154 66 166
254 88 211 138 98 176 196 22
64 134 11 44 205 103 21 161
128 179 112 22 67 218 25 213
75 204 85 153 135 45 0 30
162 185 193 140 218 239 244 104
40 202 3 132 77 225 80 153
185 211 162 55 244 158 239 133
237 71 222 139 226 183 209 123
0 210 204 30 166 139 149 184
126 221 184 27 53 150 12 80
159 111 172 163 198 201 245 250
67 224 133 8 217 206 171 146
65 39 237 177 139 215 226 132
251 94 188 213 230 143 146 200
70 19 47 8 122 93 158 52
124 230 176 233 37 213 191 140
221 119 235 15 90 147 65 198
120 86 204 180 29 0 46 154
100 174 200 161 199 148 242 2
188 224 239 121 179 218 213 137
68 221 238 210 225 75 119 135
30 144 9 120 53 187 34 172
41 140 131 217 79 191 229 234
221 60 119 15 105 187 238 165
131 152 164 241 214 205 64 234
123 48 183 45 225 85 102 3
161 59 242 253 203 103 104 81
151 254 79 38 115 229 194 171
128 157 11 69 22 44 88 49
118 74 31 121 69 211 239 35
83 20 130 9 78 39 96 58
212 255 232 195 142 165 102 77
189 240 154 235 89 204 215 129
165 153 192 150 170 252 207 243
209 226 132 183 33 116 71 18
136 58 147 222 80 226 75 6
0 170 165 15 108 156 201 57
127 213 22 25 76 67 143 218
35 191 21 137 14 146 199 164
34 232 24 45 116 177 65 132
246 163 6 172 48 63 101 149
63 156 165 6 246 108 85 48
235 222 184 141 228 209 130 183
127 56 171 236 13 181 38 158
0 27 120 178 169 53 46 156
96 111 51 249 85 60 165 246
195 43 78 119 166 159 250 18
191 110 138 205 248 227 91 41
111 34 5 183 113 195 228 86
221 147 136 235 65 198 240 90
188 233 37 143 247 93 196 110
249 238 114 154 180 163 215 192
79 26 44 220 134 21 64 118
16 62 155 214 7 74 93 140
184 255 29 43 90 108 113 201
176 124 196 247 37 81 233 98
147 160 216 141 190 198 245 20
42 25 200 4 176 173 124 158
93 151 239 218 193 115 11 185
228 130 5 86 209 183 156 207
16 220 211 134 69 224 181 137
235 51 101 189 209 246 95 135
156 249 197 9 147 202 160 175
14 186 220 194 151 239 91 118
223 69 19 134 74 208 227 118
195 170 141 228 255 177 150 216
64 124 115 217 176 229 234 41
84 199 128 14 157 19 73 218
127 188 205 155 14 234 88 41
0 15 202 166 58 169 147 156
255 113 163 180 232 197 153 210
156 58 255 202 147 240 166 86
111 221 172 30 116 57 72 5
111 27 195 6 33 85 114 72
209 72 169 99 250 130 228 48
175 180 23 12 222 197 130 153
62 140 37 104 176 84 230 2
75 142 23 210 126 221 187 24
173 176 158 230 200 251 42 131
189 231 142 36 178 232 43 129
61 151 4 81 35 137 79 26
1 179 138 199 233 47 164 98
229 104 1 115 61 38 79 84
42 127 7 25 82 52 158 76
151 194 241 220 186 137 16 164
110 88 168 194 97 251 244 205
70 35 143 247 91 146 234 193
223 236 133 185 208 28 138 73
158 199 162 208 181 236 137 251
207 243 166 212 232 129 189 154
0 113 43 226 108 184 165 201
160 147 246 58 156 249 80 53
16 44 181 31 121 220 118 69
187 135 10 95 54 99 238 210
128 25 181 186 233 44 112 220
134 13 74 62 87 220 239 100
35 182 168 133 155 241 239 61
122 79 194 217 247 171 19 97
157 214 179 229 81 7 203 127
38 179 82 31 107 1 56 117
222 187 130 24 23 75 141 209
249 159 202 126 43 178 231 172
18 15 222 60 170 132 102 183
29 175 54 132 245 33 71 147
127 218 84 25 151 50 188 14
249 170 72 27 48 129 99 210
203 8 70 19 133 47 162 158
250 142 160 237 212 183 153 195
232 219 189 142 58 144 246 92
74 236 28 134 32 186 47 137
250 10 92 83 57 96 111 54
250 102 204 245 60 160 105 175
138 16 161 196 67 151 217 13
33 147 85 123 24 201 66 15
2 52 41 152 224 174 179 133
139 123 71 222 183 237 209 226
50 128 234 167 11 70 97 44
232 166 207 12 189 101 129 43
199 76 254 47 233 157 138 164
31 44 69 107 167 118 2 49
244 185 200 227 223 133 146 174
186 164 137 151 241 239 194 220
255 15 92 154 198 54 172 149
185 112 236 218 193 148 247 93
30 135 51 219 9 189 85 144
203 196 146 157 248 174 247 161
147 255 53 169 58 240 89 156
251 188 230 112 109 200 161 213
119 180 238 210 68 120 225 221
83 6 96 53 111 246 92 58
128 22 67 206 13 100 88 42
159 39 18 195 85 132 177 246
249 106 48 210 190 27 136 92
147 86 48 29 10 39 132 65
119 187 29 237 180 209 120 33
246 225 48 216 187 106 125 172
227 186 236 137 134 181 223 208
166 68 222 15 18 119 106 60
227 79 151 174 196 218 2 137
47 185 236 122 117 73 227 223
147 58 240 99 202 86 89 255
38 143 168 179 254 61 229 107
127 104 244 49 28 217 69 173
80 222 232 153 243 58 75 125
246 159 144 172 58 249 53 163
182 140 26 61 145 248 223 84
45 170 135 102 255 204 180 225
89 212 0 141 53 184 225 108
218 213 230 188 179 233 127 143
132 80 3 29 78 154 40 54
176 229 217 194 171 1 140 151
185 21 115 62 223 109 244 167
252 187 53 231 160 46 114 105
67 223 233 138 230 133 208 179
45 232 187 231 180 126 34 142
255 75 92 114 23 46 101 198
236 122 162 152 52 214 241 64
8 186 203 145 121 31 82 220
245 160 135 45 235 153 190 204
114 180 92 101 57 46 0 23
190 135 219 29 177 43 18 119
148 13 81 200 185 229 131 223
170 90 255 153 240 51 195 105
49 26 131 87 13 191 148 217
62 19 79 98 117 167 251 214
127 248 206 73 84 26 211 98
187 195 237 119 106 240 166 222
23 45 102 92 58 255 75 142
135 170 255 228 45 177 156 54
229 223 200 67 84 145 134 13
158 168 196 2 13 52 167 145
180 135 136 187 222 209 226 237
205 7 28 81 100 128 74 41
135 45 180 30 119 34 68 17
125 243 102 43 90 232 65 207
62 218 168 253 179 230 148 143
138 242 199 233 145 191 35 164
240 36 170 66 129 150 51 231
243 192 166 252 169 106 207 154
62 185 13 19 107 117 167 223
183 195 250 153 237 95 113 212
9 95 249 202 175 197 147 156
42 37 64 19 121 28 79 137
140 131 233 176 64 213 37 230
182 241 194 133 87 239 100 220
125 219 114 17 71 30 183 212
234 155 253 193 140 176 167 214
95 201 142 231 212 189 5 108
68 136 75 34 120 238 225 210
205 1 211 152 31 181 171 121
138 76 67 31 122 239 214 38
255 225 51 153 85 180 135 45
127 50 185 37 227 81 244 151
144 83 183 139 29 249 197 222
254 134 173 155 42 79 55 28
251 181 208 162 199 158 19 137
247 31 188 145 218 171 205 134
56 157 251 109 81 11 200 94
127 227 82 213 7 100 73 206
238 135 187 156 45 95 201 10
187 201 240 231 172 149 222 130
69 220 127 241 25 52 173 151
221 238 136 165 15 68 105 60
175 153 12 252 58 95 202 105
189 108 89 119 197 235 33 15
248 52 81 98 247 94 196 109
110 61 220 233 186 164 143 247
29 183 219 197 142 144 86 252
254 140 84 217 151 26 61 79
224 171 247 206 133 188 146 38
0 178 46 198 232 90 139 99
118 208 32 121 76 67 21 26
179 25 128 42 67 233 218 112
255 43 165 142 184 54 226 108
242 87 107 229 124 217 206 191
94 152 104 174 50 4 194 244
104 196 94 38 239 67 13 138
223 67 122 138 208 76 230 233
251 188 110 229 214 200 162 112
255 228 202 86 120 156 77 46
95 57 147 80 245 54 5 99
251 182 213 19 152 161 143 194
161 59 112 188 217 21 8 146
149 92 201 27 184 142 210 0
249 246 170 60 204 144 159 165
49 124 26 13 38 64 87 107
172 48 125 187 39 149 225 246
255 102 202 30 120 172 178 212
129 184 237 89 53 159 212 243
175 102 105 243 95 197 202 252
246 135 192 101 177 83 235 221
108 29 123 201 71 222 80 245
255 240 150 153 58 163 172 53
236 13 97 56 84 128 217 181
145 8 164 194 171 158 248 50
255 156 165 85 54 240 147 57
125 219 86 24 149 51 65 240
230 52 64 109 115 94 213 248
75 92 197 0 142 45 102 23
190 27 130 40 78 20 114 216
186 230 104 208 161 2 140 52
23 57 209 0 154 114 75 163
65 114 219 212 125 232 78 231
95 54 210 187 106 142 231 252
254 171 194 103 151 164 205 241
110 138 32 196 233 242 88 188
213 127 76 230 218 112 233 67
153 43 60 77 113 23 255 165
149 231 15 54 130 187 172 222
249 197 139 183 172 111 222 226
231 106 68 54 210 95 113 3
238 120 210 68 225 180 136 221
238 15 105 219 136 197 92 189
234 146 35 191 137 199 14 164
45 177 156 0 23 166 116 197
254 227 47 50 117 104 91 70
203 173 254 151 241 103 196 162
90 255 170 105 240 204 195 153
0 198 141 46 154 163 232 180
79 131 41 217 115 64 234 229
66 136 235 166 222 147 197 240
160 210 156 238 245 187 201 135
136 34 80 75 108 5 57 30
169 111 58 12 166 53 96 252
90 235 15 190 51 102 130 215
125 219 71 212 72 114 238 225
109 35 164 247 143 62 185 234
255 216 141 170 108 57 30 180
187 246 156 53 237 160 46 120
63 12 150 139 165 221 17 184
209 18 136 163 96 198 250 75
29 58 39 255 142 75 169 147
178 255 153 212 90 113 232 195
