0010010011101000
1000000111011011
1001001101011111
0010100000010100
0101001110010000
1101101101111110
1110101100101000
1010110010010000
0010111010111000
0100011111010001
1110001001001000
0101011011001111
1110100001001101
0110000011001010
1100000010100110
0110101011110011
0110101000001100
0000100101011100
0100110110000001
0101100100000011
1101100000011011
1000010011101101
0111001010110001
1000111011010100
0111111010110010
1001010100001100
1001000010101100
0110110011111010
0101000011000110
0001001001000111
1100011010101111
0101001100000110
0000101010011100
0100100000011101
1000101111100010
1011000111010111
0111010011011110
0111110110111110
0001110101110100
1111100110101100
0110110010100000
1010000001101100
1001010100110000
1000110110110001
0010010011101000
1101011110110001
0111111000100100
1010011011000000
0101001101101111
0010101100011000
0000011010101100
0100001000011000
1001000010101100
1111100101010011
1110101111010111
1000001010111110
0011011011111010
0100000100100111
0010111001000111
0110010111111100
1001010111110011
1100100100000101
1110100011011011
0111010000011101
1001110001010000
1001001110100000
1110011100101011
0001011101001101
0000101000111001
1010100100001100
0011101011111001
1001101011000000
1101101110000001
0100100011011110
0101011000110000
1001000010101100
1101111010110111
0110001100001010
0000010110010011
0111000111010100
0111010011011110
0110010100111111
1100100100000101
0000100111001010
0011111110100110
1100000010100110
1110110110000100
0010011101000001
0101110000001001
0001100001000010
1000110110110001
0110110011111010
0100100011011110
0101111101101100
1101101100010111
1111010110011100
0011010111110110
0100111010001101
1011000100101000
0000110001010110
0110110010100000
1101111010110111
1010100111001111
1101111001110100
0010100000010100
0011010101100000
1100111101101010
0101011011110011
1011110100011000
0011101001101111
0111010011100010
0101110001100000
0000011010101100
0001001010000100
1000000100100100
0101111111001001
1100011001010000
0100011100010010
0011011001011111
1010011000000011
0000011011000101
1111110010011010
0010100000010100
1111110001011001
1100101010011111
1010011011111100
1110001010110111
0000011001010011
1010110000000110
1011100011010001
1001000011000101
1010000001101100
1100000010100110
0111001001001110
0110001101010000
1100011001010000
1001001111111010
0010100001001110
1101100010111110
0011011011111010
1100100100000101
0100100000011101
1111011010100011
1110100000100100
1110010000100111
0001101101111101
0000101010011100
1100000001100101
0010101110001110
0001100011010100
0110010100111111
0011111110100110
1100000010100110
0110101000001100
1101000110111000
0101011011110011
1011000110001101
0000011000111010
1101111001001000
1111101001101100
1111100110101100
0100111001110010
0001101110000010
0100001001110001
0011111110100110
1000010011101101
0110111111000101
1010011011111100
1011111001111101
0011000010010101
0110010100111111
1010011000111111
0010011111100100
0001001010111000
0100110110000001
0011011011111010
1010001101100000
1110110110000100
1010000011001001
0111101111010001
0111110101000001
0111101111101101
1111001101101010
0011000010101001
0111111011011011
1011100011101101
0001001001000111
1010001110011111
1011000110001101
1101010000011000
1101100001000001
1010011011111100
0100011100101110
1110100010110010
0110010100000011
1010110000000110
0100111011010111
1100111101010110
0010101111100111
0011000010010101
1111010110011100
0000001110011010
0101000001100011
0000011010101100
0111111001001101
1010111110011100
1101010011100111
1010100100110000
0111101100101110
0000010101101100
1001101000000011
1000000111011011
1010111110011100
1111100110101100
0010101101110001
1110011100101011
1101011100010100
0111010000011101
0101001111111001
1001001110100000
0101110001100000
1101010000011000
1110110101111011
0111101111010001
0111010011011110
0101011011001111
1000001000011011
0101001101101111
0000100101011100
1110010000100111
1010000011001001
0010101111100111
1000101100011101
0011100110101111
1101000110111000
0110110011111010
1000101100100001
0000010101101100
0011000010010101
0111001010110001
0010010000010111
0000011000111010
1101010010001110
1101100000011011
1000001000011011
0101001101101111
1111100101010011
1101011111101011
1001010100110000
0010010000010111
1100111110101001
1101101111101000
1011110100011000
1011111001111101
1101010001110001
1100100101011111
1010011011111100
1111110010011010
1111011001011100
0111001001001110
0100000101111101
0100011100010010
0100111010001101
0110101011001111
1011011111011110
0111010000011101
0010111010111000
0011100110101111
1000001000011011
0000100100110101
1011011100011101
1101101101111110
0010111010000100
0001001010000100
0011000001010110
0011000010101001
1100100100000101
0111001001001110
1001010100001100
0000011011000101
0101001110010000
1100111110101001
1101011111101011
0011111110100110
0111001000010100
1000010011010001
1011001010000001
0001001010000100
0010111010111000
0011010111110110
1010111110011100
1100100110100000
0110000000110101
1010100100110000
0001110110110111
1100000001011001
1011011100011101
0110110001011111
1111001101010110
0100011100010010
1100101000001001
1001010100110000
0000110010010101
0110111101010011
1100000010100110
0100000101111101
0010101100011000
0110001110101111
0000110010010101
0110010111000000
1100000010011010
1011001001111110
0101011011001111
1101011101001110
1001001100000101
1101010000011000
1011111011011000
1100010110010000
0110111100111010
0111000101000010
1100100100000101
0111110111100100
1110110101111011
0011011011111010
1011110100011000
0011010110011111
0100001011100111
1100000001011001
0011111101100101
1101010011100111
0001011110110010
0010101111100111
1101010010001110
0000100111001010
1011001001111110
0100110100010111
1000001011100100
0111000110111101
0001110101001000
1110010001111101
0100111011010111
0010111010111000
1110011100101011
0100011111101101
0011101000000110
1100010111111001
1000000101001101
0000010100110110
0101100111111100
0110010111111100
1010100100110000
0001101101111101
0110001110101111
0110101000110000
0010111001000111
1010000000110110
1001101011000000
1100100100000101
0000110010010101
0101111110010011
1011000110001101
0001110101110100
1000111011010100
0110110010100000
1111011010100011
0101110000001001
1110001001001000
1011000100101000
0101111101101100
0000100110100011
0100111001110010
0000110010101001
1100100101011111
1100101011110110
0010011100011011
1000111011010100
1101111001001000
0111000111010100
0100110110000001
0101111111001001
0101000010011100
1110100010110010
0011101001101111
0011000001101010
0111000111010100
1101010010001110
0010111001000111
1001001100000101
0101000011000110
1011111000100111
0111111010110010
1001001100000101
1111011001011100
0100000110000010
0111010000011101
1000110100010100
1010000010010011
0011011010100000
0100111010001101
1100011001010000
0101111100110110
1100011011110101
1000001010111110
1111100111000101
0101111101101100
0101000010011100
1010100111001111
0101110000001001
0111110110111110
1000110101001110
0110110000000101
1101011101001110
0011000010010101
1010011011000000
0000110001010110
0000011000111010
0011100110101111
1001101011000000
0010000101110100
0011010101100000
1000110111101011
0011000001101010
1011111000100111
0101011011110011
0011100101010000
1010110010010000
0001001010111000
1111011011001010
0111101111010001
0101100111000000
1100111110010101
0001101111011000
1111011000110101
1111010100111001
1010111110011100
0001110101001000
1101111010110111
1010110000000110
1101101111101000
1111101001101100
1000001010111110
0001101111011000
0111010011011110
1101111010001011
1100000010100110
1110010000100111
0011101011111001
0000101001100011
1100111110010101
0111001000010100
0011100111110101
0011100110101111
1011001010000001
1001111101011100
0111010000100001
1000110100010100
0101000001100011
1011000111010111
1001101000111111
0101011011001111
0100111010001101
1101000110000100
0000101011000110
1110001010110111
0100001001110001
1100010111111001
1001001101011111
0011101011111001
0111001001001110
0000001101100101
0111101100101110
0100100000100001
0010101100011000
1010001111110110
0010101110001110
1010001101100000
1101100010111110
1111110010100110
0111010011011110
0100111011010111
1001110000001010
0010011100011011
1011111011011000
0101111111001001
1101000101000111
0100111001110010
0000100101011100
0101110000001001
1101111001001000
0000100101011100
0111111000100100
1111011001011100
1101011100010100
1100100101011111
0110110010100000
1100100110100000
1001110001010000
1000001000011011
1000110110110001
0101110000001001
1000001001000001
0000100110100011
0000101010011100
0110000011001010
0111110101000001
0111101100010010
1000010011010001
0000001101011001
0110110000000101
1101100000011011
1011100000101110
1101100011100100
1111011000110101
0000100100110101
0000010101101100
0001011100100100
1100011000001010
0000011001010011
1001010111110011
0000100110100011
0101111111001001
1100101000001001
1010110010010000
1100010110010000
1011011111100010
1111100100111010
0111110110111110
1100111101101010
0111111011011011
0010100011101011
0001011110110010
1001101000111111
1010110000000110
0101000011000110
1010100111110011
0111010011011110
1101100000011011
0101000011000110
1011100011101101
0010111001000111
0011100111110101
0100011111010001
0010101110001110
0101011000110000
0111110101000001
1010011011000000
1110110110111000
1000101100100001
1101010011100111
1110010000100111
0100110100010111
1110110110000100
0101111101101100
0101111100110110
0000110010010101
0010000110110111
1111011010100011
0101001100000110
1101111001001000
0101011000001100
1111011010100011
0110001111110101
1001001100000101
1011011100100001
1111011011001010
1101000110000100
0000011011000101
0010100001001110
1001000000111010
1100100111111010
0000110001101010
1010100111110011
1110100011011011
1010111100111001
0101100100111111
0000110001010110
1001010100001100
1000101111100010
1110100010110010
0110001100001010
0110000000110101
1011100000010010
0111110101000001
1001001101011111
0111010011011110
0101110001100000
0001101100100111
0101100111000000
0111111000100100
1100101001100000
0110110000000101
1011000101110010
0000110010101001
1011100000101110
1000010000101110
0110000000110101
0100011100101110
0110000010100011
1111010111000110
0110110011111010
1000010011010001
1101100000011011
1001010100110000
1001101011000000
0001100010111101
1100011001010000
0000100111001010
0101111100110110
0101111101101100
0100000101111101
0011101000000110
0101100100111111
1010111100111001
0111010000100001
0110000001011100
1011100000010010
0010011111100100
0111001011101011
0101111100110110
1001111100110101
1000111011010100
1100100101011111
0111110111100100
0011111101011001
1111010101100011
1101101101111110
1100101010011111
0101001111111001
0110110001011111
1011001000010111
1011100011010001
0100110111101000
0010101100011000
0101001101101111
0011100100001010
1001111101011100
0011011011111010
1010100111001111
0110001111110101
1110101101110010
0100001001110001
1101011110110001
0111010000011101
1010100100110000
0011011001011111
0001110110001011
1011000111010111
0110101000110000
1111010111000110
1100011001010000
1000111010111101
1100111110101001
0011011011111010
0010111010000100
1011110110001110
0001011111011011
1110010010000010
0101011011001111
1001001101011111
0111001010110001
0000100110100011
1100111101010110
0100100011011110
1111010100111001
1000001000011011
0011000001010110
1011100011010001
0111110110111110
1101010011100111
0001101101111101
1011110101110001
0000010111001001
0011011011111010
1111100110101100
0010111010111000
0100000101111101
0000101011000110
0011101010010000
0000101001100011
0010100001001110
1001001111111010
1101010011100111
1000110110110001
1101100011100100
1110110101000111
1110010011011000
1101101111101000
1111110010100110
0010111001000111
1100111110101001
1101100001000001
1100000001011001
0111110111100100
0001001010111000
0010010011101000
1110010010000010
1100011000001010
0010010000010111
0011111101011001
1101101110000001
0001110110001011
0001101111011000
0110101011001111
1101111010110111
0110010111000000
0000001110100110
0111111001001101
1010000001101100
0010011111100100
1111101010010011
0111010011100010
1010011000000011
0100011100101110
1011110110001110
1110100010110010
1010001101100000
1101000101000111
0111101111010001
1101011101001110
1011110110001110
1001111110100011
0011100111110101
1000111011010100
1000010011010001
0100111001110010
0111101100101110
1001101011111100
0000101001100011
1101010011100111
0010100000010100
1111010101100011
1010001110011111
0101011011001111
0001101110000010
0001100010111101
0010100000010100
1110010010000010
0110010111000000
1010011011111100
0000011000111010
0010111010111000
1011110101110001
1001110010101111
1001111110100011
1001001100000101
1011011111011110
1010100100001100
1001001101011111
0111101100101110
0011010110011111
1110100000100100
0100011100101110
1010000010010011
1010100100001100
1100010101101111
1100111110101001
1110010011011000
1000110101001110
0001011111011011
1000001011100100
0011011010100000
0000101000111001
1000110110110001
1000101111100010
1011001011101000
1000010011010001
1100101010011111
0100011100101110
1010011000111111
1001111101011100
0100111011010111
1101010000011000
0100100011100010
0100100011011110
1011100000101110
0001010001110010
1000101100100001
1100010111111001
0010011100011011
1100000010100110
0000110001101010
0100100011011110
1111001110010101
1001010100001100
1000110100010100
1010111101100011
0110101011001111
1101101110000001
1111001110010101
1000111001000010
0111010000011101
0110111101010011
0111101100101110
0010000110110111
1010000001101100
1101010010001110
0010100010110001
0101100111111100
1111110001100101
1101011100010100
0110111111000101
0011100111110101
1100000001011001
1101101110000001
0011101011111001
0001101100100111
0110110000000101
1011001010000001
1011111000100111
0101110000001001
1111001101010110
1000110110110001
1111001101101010
1001101011111100
1010110000000110
1010011000111111
1110011100101011
0101100100000011
1011011111011110
1001111110100011
1011110111100111
1001110010101111
1010110001101111
1010001111110110
0110111100111010
0110110010100000
0011000001010110
1001110010101111
0011011010100000
1010111101100011
0101011000110000
0110111100111010
0011010111110110
1011111001111101
0110111110101100
1101101100010111
0001010000101000
1110011101000010
1100100111111010
0000010111001001
0110001100001010
1101010000011000
0000101000111001
1110010010000010
0101001101101111
0111111011011011
0010100011101011
1100101000001001
0100000111011000
1001101011111100
0011010110011111
0010000101001000
0001110101110100
0000011011000101
1100011010101111
1111100111000101
0000110001010110
0010011111100100
0110010111111100
0010000101001000
0101000000111001
0001100010111101
0100100011100010
1000010011010001
0010010001111110
0010010011101000
1100111110101001
0100111011010111
0010101100011000
0101100100000011
1111011011001010
1010111110011100
1000101111011110
1100000001011001
1011110111100111
1101000110000100
0101000011000110
1000010011010001
1100111110101001
0010000101001000
1101011110110001
0110101000001100
1100111101101010
1111001110010101
0100011100010010
1100101010011111
0011101010010000
0001100010111101
0011111101011001
1111101000110110
1010011011111100
1111011011001010
0101100111000000
1000110111101011
0101000000111001
0100111000101000
0011111101100101
1000000101001101
0011100110101111
0001110101110100
1011011111011110
1000010000101110
0001110101110100
0100011100101110
1001111111001010
0011011010100000
1111110001100101
1000111011010100
0111110111100100
1011001001111110
0010101111100111
0001100010111101
1110001010001011
0110000000110101
1001000011000101
0010000101110100
1110010010000010
0001001010111000
0000011011000101
0110010111111100
1000110111101011
0101111110010011
1011001000010111
1101000110000100
1000110110110001
0100011111101101
0001001001111011
1010000001101100
0100011111010001
0110010111111100
0000100110100011
0110001110101111
0011111110011010
0100110110000001
1101011111101011
1000110100010100
1111010110011100
1111101011001001
1100011000001010
1001000011000101
1011100000010010
0010011110111110
1101101100010111
1111100101010011
1000001010111110
0011100111110101
1000101100011101
1110010011011000
0010101111100111
0100011111010001
1111010101100011
1111001101010110
1110100011011011
1001000000111010
0101000000111001
1001111100110101
1110001001110100
0110111111000101
0110001111110101
0101110011110110
0011111101011001
1111101011001001
1001101000000011
0011000010101001
0110101000110000
1000111011010100
1110010000100111
1110101110001101
0100000101111101
0001110101110100
1000001010111110
0001110101001000
0001010011010111
0111110110111110
1010111110011100
0111110100011011
0110101000001100
1011111011011000
0000001110100110
1000010000010010
1111101010010011
0101100111000000
1100011000001010
0101001111111001
0011100110101111
0010100011101011
1111110010100110
1100100100000101
1111011001011100
0010010011101000
0010101111100111
0011010101100000
1111100100111010
0000011000111010
1100000010011010
1001001111111010
1000001000011011
0001011110110010
1110011100101011
0010010001111110
1011011111011110
0111111011011011
0111110110111110
0001110110001011
1110101100101000
0100100011100010
1000111010111101
1110101101110010
0000110001101010
1010000000110110
0011101010010000
1100101000001001
1001010100001100
1001001111111010
0000110001101010
1111011000110101
0001001010111000
1110001001110100
0010011110111110
1100100101011111
0001100010111101
0010011100011011
0110000000110101
0000110010101001
1010100111110011
0011010101100000
0110111111000101
0110111110101100
1010011000111111
1000001010111110
0000010100110110
1100101011110110
0100111000101000
1000001010111110
1001111100110101
0001101100100111
0101110011110110
0110010100111111
0000100111001010
0100100011011110
1100101010011111
1111011001011100
0011011010100000
1101000101111011
1100000001011001
1111001110010101
0001101101111101
0011100110101111
0011000010010101
0100111010001101
0010111001000111
1010111110011100
1001001101011111
0100110110000001
0100110110000001
1010001101100000
1101011111101011
1000110110110001
0000011010101100
1000111000101011
0101001101101111
1101010011100111
0011010111110110
0011000001010110
1111001110010101
0010000110110111
1001101000111111
0101011011110011
0101001110010000
1100111101010110
0000001110011010
1111110010011010
1100000010100110
0001001010000100
1101000110111000
1111100101010011
1011000101110010
1010100100110000
0101100100111111
0111111011011011
1101011100010100
0101000011000110
1111010111000110
1010000010010011
1101100011100100
1110010010000010
1101100010111110
0111010000011101
0001101111011000
0001101100100111
0000101001100011
1001000000111010
0001011101001101
0010011101000001
1111101010010011
1011100011101101
0011011000000101
0011101010010000
0101100111000000
1011111001111101
1010110011111001
0001001010111000
1100111101010110
0110000001011100
1000110100010100
1110110110111000
0111111011011011
1000000111011011
1111100111000101
1111110001100101
0010101100011000
0100000101111101
1101011111101011
0011010111110110
1100111110101001
1001010100110000
0101111100110110
0011011010100000
1011011100011101
1010111110011100
0101110001100000
0000110001010110
0011100100001010
1111100100111010
0100001000011000
0111101100010010
1011100000101110
0011111110011010
0100001011100111
1011001001111110
1110110110000100
0001100001000010
0000010110010011
0010011100011011
0101000001100011
1010110001101111
1001111111001010
1000111001000010
0111010000011101
0001010001110010
0011000001010110
0110001100001010
1011001011101000
1100010101101111
0100001011100111
0000110001101010
0110000011001010
0101111110010011
1011110110001110
1111011000110101
1111010111000110
1011111011011000
0001001001111011
0011011011111010
0100100000100001
1010111100111001
1100000001011001
0100111011010111
1010110000000110
0000110001101010
1110110101000111
0010011101000001
1100010100000110
0001110110001011
1001110011110101
0110001100001010
1011001011101000
0111000111010100
1011000101110010
1011001000010111
0001100000101011
1001101011111100
1010111110011100
0011111110011010
0110010111111100
0111110101000001
1011111011011000
1000010011101101
1111110010100110
1001000011000101
1011110100011000
1100000001011001
0100111011010111
0000101011000110
0010111010111000
1111001110101001
1111011010100011
0111101111010001
1100010111111001
1111101000110110
1001101000111111
0011010100001001
0100111000101000
0011010101100000
0101111110010011
0110101011001111
0110101011110011
0001100000101011
1111101010010011
1101111010001011
1100100100000101
0011100101010000
1000000110110010
0101100100000011
1010000011001001
0011010110011111
0110000001011100
0111010011011110
0000110001101010
1110010010000010
0010000110001011
1111010110011100
1100111101101010
1111100110101100
0111000110111101
1100111101101010
0011101011111001
0001101101111101
0100100000100001
0100011111010001
0001101110000010
1010110000000110
0000110001101010
0100110101111110
0110001110101111
1001000011000101
0101100111111100
0011101011111001
0011010101100000
0101100100000011
1000101111100010
0011101011111001
0111000111010100
1110011100101011
1001110000001010
0000001101100101
1000111001000010
1011001001111110
0101100100111111
0001100011010100
1101101110000001
1110101110001101
0100011100010010
1011110101110001
0010100001001110
0001100011010100
1100010110010000
0100000101111101
1100101001100000
0010100011101011
1110100001001101
1111100111000101
1111001110101001
0110110001011111
1100011000001010
1100101010011111
1100111110101001
1001010111001111
0101000011000110
0000110001010110
0011100111110101
0110101011001111
0101110010011111
1111010101100011
0001011111011011
0001001001000111
0001001010111000
0100001011100111
1010100100001100
0100100000011101
0110000010100011
0110000011001010
0001101110000010
0110110010100000
1001101000111111
1011100000010010
1100000001100101
0000101010011100
0011101001101111
1110100000100100
0010011111100100
0110000000110101
1111001101010110
0100100000100001
0110001100001010
1100100101011111
1011111011011000
0110001111110101
0101011011110011
0101110010011111
0100110101111110
1000010011010001
0010000101110100
1010110010010000
0010010010000001
1010011011111100
1010100111110011
0110111110101100
0110001110101111
0010111001111011
0111101100010010
1111001110101001
0100001001110001
0110101000001100
0000100111001010
0000010111001001
0001011100100100
0111000100101011
0110010100111111
0001001001000111
1100010101101111
0100111010001101
0001001010000100
0001110101001000
1010111100111001
0010000101110100
0100000111011000
0100011111010001
0011010101100000
1100101011110110
0010101111100111
0101001110010000
1101111010001011
1101111001001000
1111101011001001
0000101000111001
1101100000011011
1110011100101011
1010000011001001
0011010111110110
0000011010101100
0101011011001111
1001110010101111
0000110001101010
0001001001000111
1111110010100110
1011111001111101
0111111011011011
0010101101110001
0111010011100010
0010010010000001
0000100100110101
0100111001110010
1000101100011101
1000000110110010
1110100010110010
0011011010100000
0000101011000110
0100100011100010
1000110110110001
1110101101110010
1110101101110010
1000010000010010
1010100111001111
0101111101101100
0110010111000000
0010100001001110
0111001000010100
1010000000110110
1101000101111011
0000001110100110
0010100001001110
0111001010110001
0110000011001010
0000010100110110
1000000110110010
0100100011011110
1100111110101001
0010011111100100
1100100111111010
0101100100111111
0111000110111101
1000110100010100
0111111001001101
1101011111101011
1011100000101110
1100100100000101
1110001001001000
1000110101001110
0110101011001111
0011111101011001
1001101000000011
1001001101011111
1100100101011111
0010111001000111
0011111101100101
1011110110001110
1011100000010010
0001101110000010
0000010110010011
0000010100110110
0001001010000100
0011010110011111
0000101000111001
0000101010011100
1001101000111111
1101010000011000
0011011001011111
1100100111111010
1110100001001101
0111001010110001
1000111001000010
0111110101000001
1000001000011011
1111110010100110
1101011101001110
0001100011010100
1011000100101000
1000111000101011
0010000110001011
1001111111001010
1000101100100001
1110010001111101
1010001111110110
0101011000110000
0001100010111101
0001101100100111
1000110111101011
0100110110000001
0110110001011111
1000001000011011
1001101000111111
0100110111101000
0000010100110110
0001010010001101
1110010010000010
0111001001001110
0100011100010010
0100011100101110
0000110010101001
1010000011001001
0100100011011110
1110001010001011
0000010100110110
1001101011000000
0100100000011101
1100000001011001
1111100111000101
1011100000010010
1101011110110001
1111101001101100
1101011110110001
1100111110101001
1001001111111010
1101101100010111
1000010000010010
0110010111111100
1101100011100100
0001001010111000
0100100011100010
1101000110000100
0011100100001010
0111000111010100
1011110111100111
1000001001000001
0101000001100011
1010110010010000
0001011111011011
1011011111011110
0001011101001101
1110110101111011
0100011100010010
0001011100100100
0010100001001110
0110000001011100
0100001011100111
0000100101011100
1101011101001110
0110111111000101
1100101010011111
1010000011001001
1000110110110001
1000110110110001
0000011011000101
1101100010111110
1010110011111001
1110010010000010
1101101110000001
1110100011011011
1110101101110010
0000110001101010
1111001110010101
1100010101101111
1011011111011110
1001101011111100
1111011001011100
0111101111010001
1011110110001110
1101010011100111
0110010100111111
0000101001100011
0011011011111010
0000001110011010
1000010011010001
1101100010111110
0010010011101000
0010000101001000
1010011011000000
1111001110010101
1010000011001001
0101001111111001
1011100011010001
0100011111010001
1011100011101101
0100110101111110
1000110111101011
0100011100101110
0001100010111101
0011011001011111
0101100111111100
0001011111011011
0101111111001001
0001011111011011
0101111111001001
1111011010100011
0010010011101000
1001010111001111
1010001110011111
0000101010011100
0110000001011100
0000101001100011
1100010110010000
0000010101101100
0001101110000010
0001100000101011
0110101000110000
1011111011011000
0101001101101111
0010101110001110
1101011110110001
0111010011011110
1011111010000010
0001101111011000
0101011000110000
0101001110010000
1101111001001000
0001110110110111
1101101111101000
0101110011110110
1110101101110010
0110111110101100
1010100111001111
0100001011100111
1001001110100000
0100110110000001
1100111101101010
0000100101011100
0011011011111010
0000010100110110
1110101101110010
0010101101110001
1010001110011111
0110111100111010
0100011100010010
1110101101110010
0000100100110101
0111000100101011
1011110100011000
0100100011011110
1011001001111110
0110101000110000
1101000110111000
0000001101100101
1100100111111010
1100101010011111
0010010010000001
1111011000110101
0100110111101000
1010011000000011
1101011101001110
0011011011111010
1111100110101100
1001111100110101
1000000101001101
1100100111111010
1011011111100010
1100010100000110
0110101011110011
0010011111100100
1100101011110110
1011001000010111
0110101011001111
0010101111100111
1100100111111010
1110001010110111
0110101011001111
0111001011101011
0100000101111101
0001100000101011
1001001111111010
1110101111010111
1000000111011011
0011100110101111
0100001010001110
1101101110000001
1101100001000001
0000100111001010
1001110001010000
1001110000001010
1100011011110101
1010100111001111
0111010011100010
0100100011011110
1101010000011000
0111010000011101
0110010100111111
1101101111101000
1000111001000010
1011100011010001
0110111101010011
1000001011100100
1110011111010100
1110101110001101
0000110010010101
0110001110101111
1011001000010111
0000110001101010
1110011101000010
1001101011111100
0101011000001100
0111111010110010
1010100100110000
0000101001100011
1011100000010010
1110101101110010
0111101111010001
1010100100001100
0000110010101001
0110101011001111
1110001010001011
0000101011000110
1011000110001101
1001010100001100
0001001001111011
0000100110100011
1111001101101010
0100111000101000
0110110011111010
1101111001110100
0011010111110110
1100111110101001
1001110011110101
0100100000011101
0111010011100010
0100000101111101
1010000010010011
0111000110111101
0000100100110101
1011001011101000
1001111111001010
1100000001100101
1111010101100011
0101110010011111
1011110110001110
0010111010111000
1101010000011000
1111101010010011
0100100011100010
0111000110111101
1011011111100010
1010111111000110
1111100100111010
1111101001101100
0001110110110111
1010111100111001
1010111101100011
0111111001001101
0110101011110011
0101011000110000
1100010101101111
0111110111100100
1110010011011000
1011011100100001
1001110011110101
0001110101001000
0100000101111101
0001011100100100
0101100111000000
0110110000000101
0010100011101011
0011111101011001
1010011000000011
1001000011000101
0000101010011100
0100110111101000
0000011001010011
1010110011111001
0010010001111110
1000001001000001
1100011000001010
0011011000000101
1010100111001111
0011101001101111
0100100000011101
0100011100010010
0010011101000001
1000111011010100
1001001100000101
1110011110111101
0010101101110001
1010011011111100
0111010000011101
1111010100111001
0101110011110110
1011111011011000
1110101101110010
0111101100101110
1000111010111101
1111100101010011
1100100100000101
0101011000110000
1111011010100011
0001011111011011
0000110001010110
1111010101100011
0011100111110101
1100101010011111
1111100110101100
1010011000000011
1111100100111010
1110010011011000
0101000000111001
1010000010010011
0001101110000010
0111010000011101
0110101011001111
1111011010100011
1100000001100101
1111101000110110
1000000111011011
1010110010010000
1101011101001110
0101110011110110
1001101011000000
1101101100010111
1001001111111010
1000110111101011
0101011011110011
0100000100100111
1101000110000100
1000000101001101
0011101000000110
0110000000110101
1001001111111010
0111001001001110
0011010110011111
0010011110111110
1101100010111110
0011111110011010
1001110001010000
1100100110100000
1000000110110010
0001011101001101
1010100111001111
1101100011100100
1000001011100100
0011011000000101
1111010100111001
1010100100110000
0000101010011100
1101111010001011
1101010011100111
0010000110110111
1011110110001110
1010100111001111
0110010111111100
1100011010101111
0001001010111000
1111010110011100
1100101011110110
0101100111111100
0111111001001101
1001001100000101
0101011000110000
0110010100000011
0100000100100111
0000011001010011
0001010010001101
1001111100110101
1000010011010001
1101111010110111
0101000011000110
0101000000111001
1001001110100000
0110010111111100
1010000001101100
0010010000010111
1101011110110001
0110110011111010
0111000111010100
0010000101001000
0001101110000010
0001101110000010
0000010100110110
1110010000100111
0111000101000010
0011011000000101
0010111001111011
1010011000000011
0110010111000000
1011110100011000
1011000101110010
1000001011100100
0101110010011111
0001011100100100
0111111011011011
1010110011111001
1101011100010100
1010000001101100
1101000110111000
0010010011101000
0011101011111001
1111101011001001
0001101101111101
1101100001000001
1101000101000111
1010110010010000
1010001100001001
1000101111100010
1011001000010111
1001001101011111
1101101100010111
1010011011111100
0011100101010000
1010111110011100
0001100000101011
0001001010000100
1110001010110111
0011011000000101
1110110110111000
1000110100010100
1010000001101100
1011000101110010
0110101000001100
0011100110101111
1001110011110101
0111101111010001
0110101000110000
0011111101011001
1110010001111101
1111010100111001
0000011011000101
0011011001011111
0011011000000101
1010000010010011
1000010011101101
0100111011010111
1011000101110010
0011010111110110
0110001110101111
0010111001111011
1011111001111101
0011010110011111
1110011110111101
0111110111100100
0101111100110110
1001010100001100
0100110101111110
0110110010100000
0100110110000001
0111110101000001
0011000010101001
0000100100110101
0101111110010011
0101000010011100
1000110101001110
1100011001010000
1000001000011011
1001111111001010
1011011111011110
1111100110101100
1001010100001100
1100100100000101
0100100000011101
1011011100011101
0110001111110101
0010011111100100
0101110010011111
1110011111010100
1001000011000101
0011000010010101
1100111110101001
1010110010010000
1001001111111010
0100110110000001
0100110100010111
0010111010000100
0111110101000001
1100100110100000
1011000110001101
1000110111101011
0111110111100100
0001100010111101
0000100111001010
0111110101000001
1011100000101110
0111111011011011
1001110001010000
1011000111010111
0000100110100011
0010111010111000
0110010100000011
1010110011111001
0010011101000001
0010000101110100
0101110000001001
1001101011111100
1111100100111010
1110001010001011
0011111110011010
0101001111111001
1100100100000101
0010010010000001
0111111010110010
1001000000111010
0011111110011010
0011010110011111
1100010110010000
1010000001101100
1001000001010011
0100011100101110
0100001010001110
0100100000011101
0111000111010100
0010101100011000
1011110110001110
0110000010100011
0101100111000000
0111111011011011
0000101000111001
1000111000101011
1100100111111010
1001111100110101
1110011111010100
0001011101001101
0111111011011011
0100011100101110
1001110010101111
1000000101001101
1010100111001111
0001100001000010
1001000001010011
1001010111110011
1101000101111011
0001010001110010
1010111111000110
0001001010000100
0100110111101000
1001010111001111
0100000110000010
0100001001110001
0011011010100000
0110001111110101
0000010100110110
0100111001110010
1101111001001000
1110101100101000
1010111110011100
1001111110100011
0110101000110000
1100010101101111
0001101101111101
0101001100000110
1111101000110110
0001110101110100
1010110000000110
0001011100100100
0011011001011111
0001010011010111
1100101001100000
0001110110110111
1110011110111101
0101000011000110
0111110110111110
1010100100001100
1111001110010101
1101100010111110
1000111011010100
1000000110110010
0011100110101111
0001110110110111
1111010100111001
1011011111011110
1011110100011000
1100010111111001
1000111010111101
0100001010001110
1001001110100000
0111001010110001
1011100000101110
0000110010101001
0001011100100100
0110101000001100
1001110010101111
0111010011011110
1111011000110101
1010011011111100
1111011010100011
1111100100111010
0001010001110010
